theta C_p
0.4282730679757094 1.20417
0.42837963494065434 1.20417
1.2851355209405426 1.20299
1.2852386272390675 1.20299
2.1422664044975193 1.20064
2.14238519938462 1.20064
2.99990356391865 1.19711
2.9999951113133534 1.19711
3.8575154954945674 1.19239
3.8576183940711815 1.19239
4.714657504490646 1.18651
4.714760287753222 1.18651
5.5715310297972565 1.17948
5.571622269739237 1.17948
6.428270934676277 1.17129
6.428384805611586 1.17129
7.285123655447762 1.16196
7.285225955012805 1.16196
8.142261455018058 1.15151
8.142374891108943 1.15151
8.999913537722335 1.13993
9.00000408218827 1.13992
9.85752375533329 1.12722
9.857625364958295 1.12722
10.714640606644252 1.11344
10.714774504782952 1.11344
11.571543726699218 1.09859
11.571678975059712 1.09859
12.428292913071886 1.08268
12.428404819042953 1.08268
13.285157688713241 1.06574
13.285269213391985 1.06573
14.142327393205647 1.04777
14.142327393205647 1.04777
14.999909926082637 1.02879
15.00002061281586 1.02879
15.857486102401452 1.00882
15.857596332849084 1.00882
16.714665329073682 0.98792
16.714775078826676 0.987918
17.571497296253 0.966089
17.57160654089671 0.966087
18.428281222299915 0.943354
18.42838993732687 0.943351
19.285135843824293 0.919743
19.28524400504429 0.91974
20.14232471888181 0.89528
20.14232471888181 0.895277
20.99997039018956 0.869975
20.99997039018956 0.86997
21.857501170196997 0.843865
21.857607523840983 0.843862
22.71459672007302 0.817014
22.714746672181633 0.817011
23.571492362693647 0.789432
23.571643217103457 0.78943
24.428230898270016 0.76115
24.428382621105243 0.761146
25.285107966678538 0.7322
25.285260524047203 0.732197
26.142260937775347 0.702614
26.142363806718777 0.70261
26.99988407626543 0.672402
27.00003820116231 0.672399
27.857553586658838 0.641614
27.857553586658838 0.64161
28.714589016479295 0.610319
28.71474457090474 0.610315
29.571492858789384 0.57853
29.571592523457156 0.578526
30.428244653050882 0.546279
30.428401496920742 0.546275
31.28509205343491 0.513606
31.28524948945028 0.513602
32.14222753005609 0.480545
32.14238552322573 0.480541
32.99984316648599 0.447107
33.000001681724086 0.447103
33.85746307686617 0.413348
33.857622078671994 0.413344
34.71461279034844 0.379344
34.71477224298138 0.37934
35.571513049677634 0.345104
35.57167291705878 0.345101
36.4283270873747 0.310665
36.4283270873747 0.310661
37.2851801503806 0.276067
37.2851801503806 0.276063
38.14226269170564 0.241346
38.142333465206775 0.241341
38.999909083207484 0.206511
38.999998137457965 0.206505
39.85752435571564 0.171625
39.85768576007558 0.171621
40.71463625173601 0.136761
40.71479785515365 0.136756
41.571512166305666 0.101926
41.57158820395105 0.101922
42.428270382886495 0.0671559
42.42843227630547 0.0671517
43.28510278328028 0.0324917
43.28526476743619 0.0324875
44.14228338346797 -0.00203233
44.142445421921536 -0.00203653
44.99983794334241 -0.0364084
45.0 -0.0364149
45.00016205665756 -0.0364187
45.857554578078464 -0.0705805
45.85771661653203 -0.0705846
46.71473523256378 -0.10447
46.71489721671972 -0.104475
47.5715677236945 -0.138078
47.57172961711353 -0.138082
48.42832606718625 -0.171373
48.428487833694334 -0.171377
49.28528900121148 -0.204316
49.28528900121148 -0.20432
50.14231423992442 -0.236877
50.14247564428433 -0.236881
51.00000186254201 -0.269052
51.000090916792516 -0.269058
51.857666534793196 -0.300785
51.85773730829433 -0.300789
52.71481984961942 -0.332015
52.71491102202776 -0.332019
53.5716729126253 -0.362747
53.5716729126253 -0.362744
54.42832708294121 -0.392945
54.42848695032235 -0.392948
55.28529301576671 -0.422586
55.28538720965156 -0.42259
56.14237792132798 -0.451643
56.14253692313383 -0.451647
56.99999831827593 -0.48012
57.000156833514026 -0.480123
57.85761447677427 -0.507961
57.85777246994391 -0.507964
58.714750510549734 -0.535124
58.71490794656508 -0.535127
59.571598503079244 -0.561616
59.571755346949104 -0.561619
60.42840747654283 -0.587418
60.42850714121063 -0.587421
61.28525542909527 -0.612506
61.285410983520705 -0.612509
62.14244641334115 -0.636866
62.14244641334115 -0.636863
62.999961798837674 -0.6605
63.00011592373457 -0.660502
63.85763619328122 -0.683371
63.85773906222464 -0.683374
64.71473947595278 -0.705449
64.71489203332145 -0.705452
65.57161737889476 -0.72675
65.57176910172997 -0.726752
66.42835678289653 -0.747261
66.42850763730634 -0.747263
67.28525332781837 -0.766969
67.28540327992698 -0.766971
68.14239247615899 -0.785866
68.14249882980297 -0.785868
69.00002960981041 -0.803971
69.00002960981041 -0.803969
69.85767528111819 -0.821249
69.85767528111819 -0.821247
70.71475599495571 -0.837686
70.7148641561757 -0.837688
71.57161006267313 -0.853309
71.57171877770007 -0.853311
72.42839345910328 -0.868115
72.428502703747 -0.868116
73.28522492117334 -0.882097
73.28533467092632 -0.882099
74.14240366715092 -0.895259
74.14251389759855 -0.89526
74.99997938718415 -0.907622
75.00009007391735 -0.907625
75.85767260679437 -0.919172
75.85778372508699 -0.919174
76.71473078660803 -0.929907
76.71484231128674 -0.929908
77.57159518095706 -0.939856
77.5717070869281 -0.939857
78.42832102494027 -0.949025
78.42845627330075 -0.949026
79.28522549521703 -0.95742
79.2853368746804 -0.957421
80.1423746350417 -0.965049
80.1424762446667 -0.96505
80.99999591781172 -0.971942
81.00008646227764 -0.971943
81.85762510889103 -0.978092
81.85773854498194 -0.978092
82.71477404498717 -0.983513
82.71488771117347 -0.983514
83.57161519438841 -0.988237
83.57171767822788 -0.988237
84.42837773026076 -0.992278
84.42849178019266 -0.992278
85.28522829188613 -0.995646
85.28533107514531 -0.995647
86.14238160592882 -0.998358
86.14248450450543 -0.998359
87.00000488868663 -1.00045
87.00009643608135 -1.00045
87.85761480061535 -1.00191
87.85773359550245 -1.00191
88.71476137276092 -1.00278
88.71487593531535 -1.00278
89.57162036505935 -1.00308
89.57171547321072 -1.00308
90.42837963494065 -1.00283
90.42848620190264 -1.00283
91.28523862723908 -1.00205
91.2853417335293 -1.00205
92.14238519938463 -1.00076
92.14248825959078 -1.00076
92.99999511131337 -0.998985
93.00009810211408 -0.998984
93.85761839407117 -0.996737
93.85773272579374 -0.996737
94.71476028775324 -0.994046
94.71487449134264 -0.994046
95.57162226973924 -0.990942
95.57171350965287 -0.990942
96.42838480561159 -0.987443
96.42848728940976 -0.987443
97.28522595501282 -0.983568
97.28534278594077 -0.983567
98.14237489110897 -0.979334
98.14249321371142 -0.979334
99.00000408218827 -0.974772
99.00009462660887 -0.974771
99.8576253649583 -0.969893
99.85772697452067 -0.969893
100.71477450478297 -0.964728
100.71488709825584 -0.964727
101.57167897505973 -0.959302
101.57167897505973 -0.959302
102.42840481904294 -0.953634
102.42851672491763 -0.953633
103.28526921339196 -0.947739
103.28538073796818 -0.947738
104.14232739320563 -0.941634
104.14243851138967 -0.941634
105.00002061281586 -0.935344
105.00013129943446 -0.935343
105.85759633284907 -0.928882
105.85770656317622 -0.928881
106.71477507882666 -0.922274
106.71488482845339 -0.922273
107.57160654089672 -0.915542
107.57171578540851 -0.915542
108.42838993732686 -0.9087
108.42853487696054 -0.908699
109.28524400504428 -0.901761
109.28535216612138 -0.90176
110.14232471888181 -0.894738
110.14243230174819 -0.894737
110.99997039018957 -0.887649
111.00007737041157 -0.887649
111.857607523841 -0.880507
111.85775654005135 -0.880506
112.71474667218163 -0.873333
112.71485237564784 -0.873332
113.57164321710347 -0.866142
113.57174824700328 -0.866141
114.42838262110523 -0.858943
114.42848695409167 -0.858942
115.28526052404722 -0.851747
115.28536413660555 -0.851746
116.14236380671878 -0.844562
116.14251716499105 -0.844561
117.00003820116231 -0.837399
117.00003820116231 -0.837399
117.85755358665885 -0.830269
117.85770844398962 -0.830268
118.71474457090471 -0.823186
118.71484507002407 -0.823186
119.57159252345716 -0.816161
119.57174874015723 -0.81616
120.42840149692074 -0.809197
120.42850030470393 -0.809196
121.28524948945025 -0.8023
121.2853474182749 -0.8023
122.14238552322573 -0.795476
122.14248255090749 -0.795475
123.00000168172409 -0.788728
123.00009778601952 -0.788728
123.85762207867202 -0.782064
123.85771723805178 -0.782063
124.7147722429814 -0.775494
124.71486643673217 -0.775493
125.57167291705878 -0.76902
125.57167291705878 -0.769021
126.4283270873747 -0.762645
126.42848733389792 -0.762644
127.2851801503806 -0.756369
127.28534074015772 -0.756369
128.14233346520678 -0.750194
128.14249436259198 -0.750193
128.99999813745796 -0.744119
129.00007025218463 -0.744118
129.85768576007558 -0.738147
129.85768576007558 -0.738146
130.71471099878852 -0.732285
130.71487260246693 -0.732284
131.57158820395108 -0.72653
131.57167393281375 -0.726529
132.42843227630547 -0.72088
132.42843227630547 -0.720881
133.28526476743622 -0.715337
133.28534818404353 -0.715336
134.14244542192154 -0.709895
134.14244542192154 -0.709894
135.0 -0.704552
135.85755457807846 -0.69931
135.85755457807846 -0.69931
136.71465181595647 -0.69417
136.71473523256378 -0.694169
137.57156772369453 -0.689128
137.57156772369453 -0.689128
138.42832606718625 -0.684181
138.42832606718625 -0.684181
139.28512739753307 -0.679327
139.28520214484635 -0.679326
140.14231423992442 -0.674562
140.14231423992442 -0.674561
140.99992974781537 -0.669881
141.00000186254204 -0.66988
141.85750563740802 -0.665285
141.85766653479322 -0.665284
142.71465925984228 -0.660775
142.7148198496194 -0.660774
143.57151266610208 -0.656346
143.5716729126253 -0.656345
144.42832708294122 -0.651995
144.42832708294122 -0.651995
145.28513356326783 -0.647721
145.28522775701862 -0.64772
146.1422827619482 -0.64352
146.14237792132798 -0.64352
146.99990221398048 -0.639389
146.9999983182759 -0.639389
147.8575174490925 -0.635329
147.85761447677427 -0.635329
148.7146525817251 -0.631342
148.71475051054972 -0.631342
149.57149969529607 -0.627425
149.57159850307926 -0.627425
150.42825125984277 -0.623576
150.42840747654284 -0.623576
151.28515492997593 -0.619796
151.28525542909526 -0.619795
152.14229155601038 -0.616083
152.14244641334116 -0.616083
152.9999617988377 -0.612436
152.9999617988377 -0.612436
153.85748283500894 -0.608859
153.85763619328122 -0.608859
154.71463586339445 -0.605355
154.7147394759528 -0.605355
155.57151304590832 -0.601924
155.57161737889476 -0.601923
156.42825175299672 -0.598565
156.42835678289654 -0.598565
157.28514762435216 -0.595283
157.28525332781837 -0.595282
158.1422861226734 -0.592078
158.142392476159 -0.592077
158.9999226295884 -0.588951
159.0000296098104 -0.58895
159.8575676982518 -0.585908
159.8576752811182 -0.585907
160.71464783387862 -0.582954
160.7147559949557 -0.582953
161.57146512303945 -0.58009
161.57161006267313 -0.580089
162.42828421459149 -0.577319
162.4283934591033 -0.577319
163.2851151715466 -0.574645
163.28522492117332 -0.574645
164.1422934368238 -0.572072
164.14240366715092 -0.572072
164.99986870056554 -0.569602
164.99986870056554 -0.569602
164.99997938718414 -0.569602
165.85756148861034 -0.567242
165.85767260679435 -0.567242
166.71461926203182 -0.564996
166.71473078660804 -0.564996
167.57148327508236 -0.562867
167.57159518095705 -0.562867
168.42820876272393 -0.560859
168.4283210249403 -0.560859
169.28512416108768 -0.558975
169.28522549521705 -0.558975
170.1422730254793 -0.55722
170.1423746350417 -0.557219
170.99990537339113 -0.555595
170.99999591781173 -0.555595
171.85750678628858 -0.554107
171.85762510889103 -0.554106
172.71464584742677 -0.552758
172.71477404498717 -0.552758
173.57152409767687 -0.551552
173.57161519438841 -0.551552
174.4282750853599 -0.55049
174.42837773026076 -0.550489
175.28512550865736 -0.549574
175.28522829188614 -0.549574
176.14227870737713 -0.548807
176.14238160592882 -0.548807
176.9999018978859 -0.548191
177.00000488868665 -0.548191
177.85751174040922 -0.547729
177.85761480061535 -0.547729
178.71464681021675 -0.54742
178.71476137276093 -0.54742
179.57152525691032 -0.547266
179.57162036505935 -0.547266
180.4282730679757 -0.547266
180.42837963494065 -0.547266
