x_1 rho
0.0 0.29500112222809294
0.00048828 0.2950018017831184
0.00097656 0.29500384045872485
0.00146484 0.2950072382863218
0.00195312 0.2950119953189282
0.00244141 0.2950181116306043
0.00292969 0.2950255873168292
0.00341797 0.29503442249419387
0.00390625 0.2950446173008012
0.00439453 0.29505617189598987
0.00488281 0.29506908646073193
0.00537109 0.2950833611974124
0.00585938 0.29509899633019865
0.00634766 0.2951159921048898
0.00683594 0.2951343487892571
0.00732422 0.2951540666729587
0.0078125 0.2951751460678522
0.00830078 0.29519758730798334
0.00878906 0.29522139074985543
0.00927734 0.2952465567724962
0.00976562 0.29527308577770184
0.01025391 0.29530097819015594
0.01074219 0.29533023445765905
0.01123047 0.29536085505130294
0.01171875 0.29539284046569364
0.01220703 0.2954261912191498
0.01269531 0.29546090785395335
0.01318359 0.2954969909365576
0.01367188 0.29553444105785065
0.01416016 0.2955732588334132
0.01464844 0.29561344490375885
0.01513672 0.29565499993463323
0.015625 0.2956979246172786
0.01611328 0.2957422196687379
0.01660156 0.2957878858321387
0.01708984 0.29583492387702875
0.01757812 0.29588333459966665
0.01806641 0.2959331188233747
0.01855469 0.29598427739884836
0.01904297 0.29603681120454706
0.01953125 0.2960907211469924
0.02001953 0.29614600816118436
0.02050781 0.29620267321094185
0.02099609 0.29626071728930126
0.02148438 0.2963201414189006
0.02197266 0.2963809466523849
0.02246094 0.2964431340728101
0.02294922 0.29650670479406316
0.0234375 0.29657165996129625
0.02392578 0.29663800075134417
0.02441406 0.29670572837317977
0.02490234 0.2967748440683839
0.02539062 0.2968453491115643
0.02587891 0.2969172448108671
0.02636719 0.296990532508431
0.02685547 0.29706521358088717
0.02734375 0.2971412894398421
0.02783203 0.297218761532396
0.02832031 0.2972976313416401
0.02880859 0.29737790038718936
0.02929688 0.2974595702257081
0.02978516 0.297542642451439
0.03027344 0.29762711869676
0.03076172 0.29771300063272904
0.03125 0.2978002899696529
0.03173828 0.29788898845765005
0.03222656 0.2979790978872333
0.03271484 0.29807062008989393
0.03320312 0.2981635569386908
0.03369141 0.29825791034886295
0.03417969 0.29835368227842773
0.03466797 0.29845087472880716
0.03515625 0.2985494897454435
0.03564453 0.2986495294184439
0.03613281 0.2987509958832125
0.03662109 0.29885389132109713
0.03710938 0.2989582179600597
0.03759766 0.29906397807532115
0.03808594 0.29917117399004656
0.03857422 0.29927980807601673
0.0390625 0.29938988275432066
0.03955078 0.29950140049604157
0.04003906 0.29961436382296863
0.04052734 0.29972877530829256
0.04101562 0.29984463757733903
0.04150391 0.29996195330827424
0.04199219 0.30008072523284995
0.04248047 0.30020095613713405
0.04296875 0.30032264886226134
0.04345703 0.30044580630517936
0.04394531 0.3005704314194175
0.04443359 0.3006965272158466
0.04492188 0.3008240967634561
0.04541016 0.30095314319014344
0.04589844 0.301083669683487
0.04638672 0.3012156794915557
0.046875 0.3013491759237073
0.04736328 0.3014841623514021
0.04785156 0.3016206422090081
0.04833984 0.30175861899464707
0.04882812 0.3018980962710095
0.04931641 0.30203907766619026
0.04980469 0.3021815668745495
0.05029297 0.3023255676575569
0.05078125 0.302471083844651
0.05126953 0.30261811933410665
0.05175781 0.30276667809391095
0.05224609 0.3029167641626388
0.05273438 0.30306838165035
0.05322266 0.30322153473947744
0.05371094 0.30337622768572914
0.05419922 0.30353246481900337
0.0546875 0.30369025054429577
0.05517578 0.30384958934263007
0.05566406 0.30401048577198697
0.05615234 0.30417294446824106
0.05664062 0.30433697014610495
0.05712891 0.30450256760008465
0.05761719 0.3046697417054339
0.05810547 0.3048384974191217
0.05859375 0.3050088397808098
0.05908203 0.30518077391383214
0.05957031 0.30535430502618
0.06005859 0.30552943841149993
0.06054688 0.30570617945009804
0.06103516 0.30588453360995127
0.06152344 0.3060645064477199
0.06201172 0.3062461036097793
0.0625 0.3064293308332515
0.06298828 0.30661419394704503
0.06347656 0.3068006988729054
0.06396484 0.3069888516264664
0.06445312 0.3071786583183241
0.06494141 0.3073701251550992
0.06542969 0.30756325844052257
0.06591797 0.3077580645765222
0.06640625 0.307954550064322
0.06689453 0.30815272150553896
0.06738281 0.3083525856033046
0.06787109 0.30855414916338386
0.06835938 0.3087574190953035
0.06884766 0.30896240241348616
0.06933594 0.309169106238409
0.06982422 0.3093775377977478
0.0703125 0.30958770442755
0.07080078 0.30979961357339886
0.07128906 0.3100132727916082
0.07177734 0.3102286897504062
0.07226562 0.31044587223113784
0.07275391 0.3106648281294766
0.07324219 0.3108855654566436
0.07373047 0.31110809234064263
0.07421875 0.31133241702749215
0.07470703 0.3115585478824837
0.07519531 0.3117864933914294
0.07568359 0.31201626216194644
0.07617188 0.31224786292472906
0.07666016 0.31248130453484624
0.07714844 0.3127165959730349
0.07763672 0.31295374634702033
0.078125 0.3131927648928333
0.07861328 0.3134336609761546
0.07910156 0.31367644409365536
0.07958984 0.31392112387435667
0.08007812 0.3141677100809984
0.08056641 0.3144162126114239
0.08105469 0.3146666414999737
0.08154297 0.3149190069188892
0.08203125 0.31517331917973546
0.08251953 0.3154295887348333
0.08300781 0.3156878261787016
0.08349609 0.31594804224951806
0.08398438 0.31621024783058826
0.08447266 0.31647445395183527
0.08496094 0.3167406717912987
0.08544922 0.31700891267664133
0.0859375 0.31727918808668587
0.08642578 0.31755150965295204
0.08691406 0.3178258891612176
0.08740234 0.31810233855309067
0.08789062 0.3183808699275939
0.08837891 0.3186614955427778
0.08886719 0.3189442278173251
0.08935547 0.3192290793322059
0.08984375 0.31951606283231737
0.09033203 0.319805191228157
0.09082031 0.3200964775975109
0.09130859 0.3203899351871593
0.09179688 0.3206855774145956
0.09228516 0.3209834178697646
0.09277344 0.32128347031683135
0.09326172 0.32158574869595113
0.09375 0.3218902671250643
0.09423828 0.32219703990171955
0.09472656 0.32250608150490473
0.09521484 0.3228174065969044
0.09570312 0.3231310300251818
0.09619141 0.3234469668242667
0.09667969 0.3237652322176837
0.09716797 0.32408584161988496
0.09765625 0.324408810638224
0.09814453 0.3247341550749292
0.09863281 0.3250618909291233
0.09912109 0.32539203439884334
0.09960938 0.32572460188310837
0.10009766 0.32605960998398803
0.10058594 0.32639707550871355
0.10107422 0.32673701547180595
0.1015625 0.3270794470972307
0.10205078 0.3274243878205739
0.10253906 0.32777185529126096
0.10302734 0.3281218673747746
0.10351562 0.3284744421549336
0.10400391 0.32882959793616967
0.10449219 0.3291873532458498
0.10498047 0.3295477268366228
0.10546875 0.3299107376888025
0.10595703 0.33027640501275873
0.10644531 0.3306447482513698
0.10693359 0.33101578708248147
0.10742188 0.3313895414214101
0.10791016 0.3317660314234733
0.10839844 0.33214527748655825
0.10888672 0.33252730025371124
0.109375 0.3329121206157805
0.10986328 0.3332997597140758
0.11035156 0.33369023894307454
0.11083984 0.33408357995315574
0.11132812 0.33447980465337873
0.11181641 0.3348789352142879
0.11230469 0.33528099407077083
0.11279297 0.33568600392494485
0.11328125 0.3360939877490782
0.11376953 0.3365049687885582
0.11425781 0.33691897056490683
0.11474609 0.3373360168788201
0.11523438 0.33775613181326836
0.11572266 0.3381793397366202
0.11621094 0.33860566530583186
0.11669922 0.3390351334696571
0.1171875 0.33946776947192403
0.11767578 0.33990359885484495
0.11816406 0.34034264746237475
0.11865234 0.34078494144362204
0.11914062 0.3412305072563022
0.11962891 0.34167937167024864
0.12011719 0.34213156177095994
0.12060547 0.3425871049632149
0.12109375 0.3430460289747288
0.12158203 0.34350836185986455
0.12207031 0.3439741320034001
0.12255859 0.3444433681243502
0.12304688 0.34491609927984024
0.12353516 0.3453923548690455
0.12402344 0.3458721646371766
0.12451172 0.346355558679535
0.125 0.34684256744562314
0.12548828 0.3473332217433107
0.12597656 0.34782755274307586
0.12646484 0.3483255919823005
0.12695312 0.3488273713696258
0.12744141 0.3493329231893887
0.12792969 0.34984228010611046
0.12841797 0.3503554751690533
0.12890625 0.3508725418168632
0.12939453 0.3513935138822635
0.12988281 0.35191842559682707
0.13037109 0.352447311595822
0.13085938 0.352980206923135
0.13134766 0.3535171470362666
0.13183594 0.35405816781140054
0.13232422 0.3546033055485531
0.1328125 0.3551525969768079
0.13330078 0.35570607925962583
0.13378906 0.3562637900002368
0.13427734 0.3568257672471189
0.13476562 0.35739204949956416
0.13525391 0.35796267571332485
0.13574219 0.35853768530635743
0.13623047 0.3591171181646472
0.13671875 0.359701014648138
0.13720703 0.360289415596736
0.13769531 0.3608823623364287
0.13818359 0.3614798966854901
0.13867188 0.3620820609607871
0.13916016 0.36268889798418513
0.13964844 0.36330045108905756
0.14013672 0.36391676412690044
0.140625 0.3645378814740512
0.14111328 0.36516384803851687
0.14160156 0.3657947092669104
0.14208984 0.36643051115150105
0.14257812 0.3670713002373805
0.14306641 0.3677171236297406
0.14355469 0.36836802900127114
0.14404297 0.3690240645996836
0.14453125 0.3696852792553489
0.14501953 0.3703517223890642
0.14550781 0.3710234440199495
0.14599609 0.37170049477347034
0.14648438 0.37238292588959376
0.14697266 0.3730707892310771
0.14746094 0.37376413729190017
0.14794922 0.37446302320582847
0.1484375 0.3751675007551247
0.14892578 0.375877624379399
0.14941406 0.37659344918461507
0.14990234 0.37731503095224017
0.15039062 0.3780424261485522
0.15087891 0.3787756919340955
0.15136719 0.3795148861733054
0.15185547 0.38026006744428975
0.15234375 0.3810112950487714
0.15283203 0.38176862902220876
0.15332031 0.3825321301440786
0.15380859 0.38330185994833493
0.15429688 0.3840778807340489
0.15478516 0.38486025557623077
0.15527344 0.38564904833682634
0.15576172 0.3864443236759153
0.15625 0.38724614706309657
0.15673828 0.3880545847890581
0.15722656 0.38886970397736353
0.15771484 0.3896915725964275
0.15820312 0.39052025947170926
0.15869141 0.39135583429810405
0.15917969 0.3921983676525619
0.15966797 0.3930479310069179
0.16015625 0.39390459674094674
0.16064453 0.39476843815564683
0.16113281 0.3956395294867573
0.16162109 0.39651794591850226
0.16210938 0.39740376359759333
0.16259766 0.3982970596474605
0.16308594 0.39919791218274325
0.16357422 0.40010640032403355
0.1640625 0.40102260421288216
0.16455078 0.40194660502706836
0.16503906 0.4028784849961421
0.16552734 0.4038183274172402
0.16601562 0.4047662166711815
0.16650391 0.4057222382388582
0.16699219 0.4066864787179144
0.16748047 0.40765902583972097
0.16796875 0.4086399684866562
0.16845703 0.40962939670970355
0.16894531 0.4106274017463567
0.16943359 0.41163407603885366
0.16992188 0.4126495132527397
0.17041016 0.41367380829576705
0.17089844 0.41470705733713276
0.17138672 0.41574935782707434
0.171875 0.41680080851681445
0.17236328 0.41786150947887835
0.17285156 0.4189315621277732
0.17333984 0.4200110692410544
0.17382812 0.4211001349807752
0.17431641 0.42219886491532943
0.17480469 0.4233073660417041
0.17529297 0.4244257468081297
0.17578125 0.42555411713716657
0.17626953 0.426692588449203
0.17675781 0.4278412736864009
0.17724609 0.4290002873370845
0.17773438 0.43016974546057946
0.17822266 0.4313497657125238
0.17871094 0.4325404673706422
0.17919922 0.4337419713610173
0.1796875 0.43495440028484456
0.18017578 0.436177878445689
0.18066406 0.4374125318772675
0.18115234 0.4386584883717473
0.18164062 0.4399158775085823
0.18212891 0.4411848306838957
0.18261719 0.4424654811404246
0.18310547 0.4437579639980335
0.18359375 0.4450624162848068
0.18408203 0.44637897696873896
0.18457031 0.4477077869900342
0.18505859 0.44904898929402015
0.18554688 0.4504027288646991
0.18603516 0.4517691527589438
0.18652344 0.45314841014135565
0.18701172 0.45454065231978813
0.1875 0.4559460327815755
0.18798828 0.4573647072304475
0.18847656 0.45879683362417295
0.18896484 0.4602425722129324
0.18945312 0.4617020855784415
0.18994141 0.46317553867383743
0.19042969 0.4646630988643516
0.19091797 0.4661649359687743
0.19140625 0.4676812223017427
0.19189453 0.46921213271685447
0.19238281 0.47075784465063664
0.19287109 0.4723185381673849
0.19335938 0.47389439600489086
0.19384766 0.4754856036210754
0.19433594 0.4770923492415484
0.19482422 0.47871482390811926
0.1953125 0.4803532215282764
0.19580078 0.4820077389256525
0.19628906 0.483678575891501
0.19677734 0.4853659352372076
0.19726562 0.48707002284785905
0.19775391 0.48879104773688364
0.19824219 0.49052922210180516
0.19873047 0.4922847613811081
0.19921875 0.49405788431227093
0.19970703 0.4958488129909649
0.20019531 0.49765777293145774
0.20068359 0.499484993128249
0.20117188 0.5013307061189614
0.20166016 0.5031951480485118
0.20214844 0.5050785587345952
0.20263672 0.506981181734524
0.203125 0.5089032644134177
0.20361328 0.5108450580138019
0.20410156 0.5128068177266445
0.20458984 0.5147888027638612
0.20507812 0.516791276432301
0.20556641 0.5188145062092753
0.20605469 0.5208587638196476
0.20654297 0.5229243253145242
0.20703125 0.5250114711515771
0.20751953 0.52712048627704
0.20800781 0.5292516602094124
0.20849609 0.5314052871249202
0.20898438 0.5335816659447398
0.20947266 0.5357811004240731
0.20996094 0.5380038992430687
0.21044922 0.5402503760996692
0.2109375 0.5425208498044023
0.21142578 0.5448156443771561
0.21191406 0.5471350891460112
0.21240234 0.5494795188481548
0.21289062 0.5518492737329134
0.21337891 0.554244699666981
0.21386719 0.5566661482418659
0.21435547 0.55911397688362
0.21484375 0.5615885489648931
0.21533203 0.5640902339193786
0.21582031 0.5666194073586829
0.21630859 0.5691764511916845
0.21679688 0.5717617537464443
0.21728516 0.5743757098947158
0.21777344 0.5770187211791107
0.21826172 0.5796911959429816
0.21875 0.5823935494630934
0.21923828 0.5851262040851251
0.21972656 0.5878895893620826
0.22021484 0.5906841421956835
0.22070312 0.5935103069807626
0.22119141 0.5963685357527895
0.22167969 0.5992592883385586
0.22216797 0.6021830325101096
0.22265625 0.6051402441419704
0.22314453 0.6081314073717787
0.22363281 0.6111570147643546
0.22412109 0.6142175674793315
0.22460938 0.6173135754423649
0.22509766 0.6204455575200626
0.22558594 0.6236140416986675
0.22607422 0.6268195652665954
0.2265625 0.6300626750009171
0.22705078 0.633343927357847
0.22753906 0.6366638886673446
0.22802734 0.640023135331917
0.22851562 0.6434222540296918
0.22900391 0.6468618419218803
0.22949219 0.6503425068646891
0.22998047 0.6538648676258032
0.23046875 0.6574295541055319
0.23095703 0.6610372075626957
0.23144531 0.6646884808453681
0.23193359 0.6683840386265701
0.23242188 0.672124557645021
0.23291016 0.6759107269510343
0.23339844 0.679743248157689
0.23388672 0.6836228356973494
0.234375 0.6875502170836667
0.23486328 0.691526133179159
0.23535156 0.6955513384684738
0.23583984 0.6996266013374514
0.23632812 0.703752704358108
0.23681641 0.707930444579633
0.23730469 0.7121606338255111
0.23779297 0.7164440989969154
0.23828125 0.7207816823824438
0.23876953 0.7251742419743565
0.23925781 0.7296226517913815
0.23974609 0.7341278022082462
0.24023438 0.7386906002920309
0.24072266 0.743311970145469
0.24121094 0.747992853257297
0.24169922 0.7527342088597768
0.2421875 0.7575370142935153
0.24267578 0.7624022653796683
0.24316406 0.7673309767996754
0.24365234 0.7723241824826085
0.24414062 0.7773829360002551
0.24462891 0.7825083109700502
0.24511719 0.7877014014659536
0.24560547 0.7929633224373622
0.24609375 0.7982952101362021
0.24658203 0.8036982225522364
0.24707031 0.8091735398567237
0.24755859 0.8147223648545041
0.24804688 0.8203459234445942
0.24853516 0.8260454650893575
0.24902344 0.831822263292342
0.24951172 0.8376776160848363
0.25 0.8436128465212047
0.25048828 0.8496293031830466
0.25097656 0.8557283606922326
0.25146484 0.8619114202328335
0.25195312 0.868179910081967
0.25244141 0.8745352861495799
0.25292969 0.8809790325271447
0.25341797 0.8875126620452662
0.25390625 0.8941377168401714
0.25439453 0.9008557689290106
0.25488281 0.9076684207939326
0.25537109 0.9145773059748257
0.25585938 0.9215840896706511
0.25634766 0.9286904693492075
0.25683594 0.9358981753652038
0.25732422 0.9432089715864729
0.2578125 0.9506246560280909
0.25830078 0.9581470614942171
0.25878906 0.9657780562273746
0.25927734 0.9735195445648717
0.25976562 0.9813734676020607
0.26025391 0.9893418038620447
0.26074219 0.9974265699714602
0.26123047 1.0056298213418466
0.26171875 1.013953652856164
0.26220703 1.0224001995598488
0.26269531 1.0309716373558793
0.26318359 1.0396701837031808
0.26367188 1.0484980983176344
0.26416016 1.0574576838749672
0.26464844 1.0665512867146425
0.26513672 1.07578129754389
0.265625 1.0851501521408418
0.26611328 1.0946603320557624
0.26660156 1.1043143653091891
0.26708984 1.1141148270857602
0.26757812 1.1240643404224073
0.26806641 1.1341655768894858
0.26855469 1.1444212572632706
0.26904297 1.1548341521882133
0.26953125 1.16540708282717
0.27001953 1.1761429214977084
0.27050781 1.1870445922924673
0.27099609 1.1981150716814173
0.27148438 1.2093573890936913
0.27197266 1.2207746274765365
0.27246094 1.2323699238287542
0.27294922 1.2441464697058306
0.2734375 1.256107511693763
0.27392578 1.268256351848447
0.27441406 1.280596348097215
0.27490234 1.293130914599001
0.27539062 1.3058635220593147
0.27587891 1.3187976979959952
0.27636719 1.33193702695154
0.27685547 1.3452851506474444
0.27734375 1.3588457680758634
0.27783203 1.3726226355235023
0.27832031 1.3866195665224779
0.27880859 1.4008404317225596
0.27929688 1.4152891586788674
0.27978516 1.429969731548848
0.28027344 1.4448861906920312
0.28076172 1.4600426321657232
0.28125 1.475443207109453
0.28173828 1.491092121010717
0.28222656 1.5069936328441655
0.28271484 1.5231520540760983
0.28320312 1.5395717475257857
0.28369141 1.5562571260748599
0.28417969 1.5732126512156772
0.28466797 1.5904428314294194
0.28515625 1.6079522203843548
0.28564453 1.6257454149446087
0.28613281 1.643827052979684
0.28662109 1.6622018109648429
0.28710938 1.6808744013623578
0.28759766 1.6998495697734426
0.28808594 1.719132091849915
0.28857422 1.738726769953077
0.2890625 1.7586384295438775
0.28955078 1.7788719152813495
0.29003906 1.7994320867927556
0.29052734 1.8203238140535896
0.29101562 1.8415519722699887
0.29150391 1.8631214360756925
0.29199219 1.8850370727172652
0.29248047 1.9073037336703758
0.29296875 1.9299262437596068
0.29345703 1.952909386321703
0.29394531 1.9762578824857915
0.29443359 1.9999763688552616
0.29492188 2.024069609935216
0.29541016 2.0485424896493942
0.29589844 2.0733994712774106
0.29638672 2.0986449953609734
0.296875 2.1242834560548083
0.29736328 2.1503191573005784
0.29785156 2.1767562961941174
0.29833984 2.203598950330309
0.29882812 2.230851065364542
0.29931641 2.2585164421499933
0.29980469 2.2865987233378693
0.30029297 2.315101379419443
0.30078125 2.344027694206334
0.30126953 2.373380749750969
0.30175781 2.4031634107121933
0.30224609 2.4333783081744516
0.30273438 2.4640278229320183
0.30322266 2.4951140682537822
0.30371094 2.526638872147741
0.30419922 2.5586037591488875
0.3046875 2.591009931658684
0.30517578 2.6238582508691817
0.30566406 2.657149217310224
0.30615234 2.690882951063585
0.30664062 2.7250591716937684
0.30712891 2.759677177951439
0.30761719 2.7947358273116585
0.30810547 2.830233515415893
0.30859375 2.866168155493566
0.30908203 2.9025371578459094
0.30957031 2.9393374094820555
0.31005859 2.976565254004508
0.31054688 3.014216471848358
0.31103516 3.0522862609857495
0.31152344 3.090769218214053
0.31201172 3.129659321153084
0.3125 3.168949911082807
0.31298828 3.208633676759054
0.31347656 3.2487026393498715
0.31396484 3.2891481386394474
0.31445312 3.329960820649883
0.31494141 3.371130626833047
0.31542969 3.412646784985168
0.31591797 3.4544978020351307
0.31640625 3.4966714588533865
0.31689453 3.539154807221138
0.31738281 3.5819341690882256
0.31787109 3.6249951382319905
0.31835938 3.6683225844060967
0.31884766 3.711900660036356
0.31933594 3.755712809476003
0.31982422 3.799741780771014
0.3203125 3.843969639799682
0.32080078 3.8883777865287783
0.32128906 3.9329469729552056
0.32177734 3.977657322052175
0.32226562 4.022488346675988
0.32275391 4.067418966857465
0.32324219 4.112427523115449
0.32373047 4.157491782262413
0.32421875 4.202588930429691
0.32470703 4.24769554543445
0.32519531 4.292787536710655
0.32568359 4.337840035191295
0.32617188 4.382827206816721
0.32666016 4.427721950379048
0.32714844 4.472495421214774
0.32763672 4.517116294014747
0.328125 4.561549636817425
0.32861328 4.605755208768554
0.32910156 4.649684909483264
0.32958984 4.693278989098413
0.33007812 4.736460465237839
0.33056641 4.779126975979369
0.33105469 4.821139019533479
0.33154297 4.862303194453027
0.33203125 4.9023486832997065
0.33251953 4.940894884641406
0.33300781 4.977407934526664
0.33349609 5.011144130803343
0.33398438 5.0410794170865945
0.33447266 5.06582674566134
0.33496094 5.083548147056828
0.33544922 5.091876473779552
0.3359375 5.087873216382327
0.33642578 5.06806193317515
0.33691406 5.028586828801862
0.33740234 4.965543586365634
0.33789062 4.875502374411461
0.33837891 4.75618227861283
0.33886719 4.607149555767338
0.33935547 4.430333722411907
0.33984375 4.230141918555017
0.34033203 4.013046657530334
0.34082031 3.7867077133761624
0.34130859 3.55887440592401
0.34179688 3.3363902893722925
0.34228516 3.124546622002444
0.34277344 2.926863050289023
0.34326172 2.745218510275281
0.34375 2.5801811794945477
0.34423828 2.431394237830786
0.34472656 2.297924307545414
0.34521484 2.1785322221856847
0.34570312 2.0718618195385856
0.34619141 1.9765599505085447
0.34667969 1.8913456836260316
0.34716797 1.8150451018449778
0.34765625 1.7466043550137367
0.34814453 1.6850898597357253
0.34863281 1.6296815005857148
0.34912109 1.5796624996595592
0.34960938 1.5344087854531105
0.35009766 1.4933800765880076
0.35058594 1.4561014454013175
0.35107422 1.4221593387124605
0.3515625 1.3911941721127206
0.35205078 1.3628916784044582
0.35253906 1.336976600368235
0.35302734 1.3132072905632168
0.35351562 1.2913710897712503
0.35400391 1.27128037967724
0.35449219 1.252769213736058
0.35498047 1.235690440974155
0.35546875 1.2199132485763426
0.35595703 1.2053210595757369
0.35644531 1.1918097314050362
0.35693359 1.1792860093557884
0.35742188 1.1676661961453454
0.35791016 1.1568750048943222
0.35839844 1.1468445679852335
0.35888672 1.1375135786260393
0.359375 1.1288265455979993
0.35986328 1.1207331447310207
0.36035156 1.1131876532154492
0.36083984 1.1061484550067007
0.36132812 1.0995776073785737
0.36181641 1.0934404601888503
0.36230469 1.0877053206861023
0.36279297 1.0823431577499623
0.36328125 1.077327340352144
0.36376953 1.0726334057802043
0.36425781 1.0682388538028957
0.36474609 1.0641229634954077
0.36523438 1.060266629900394
0.36572266 1.0566522180884133
0.36621094 1.0532634325126073
0.36669922 1.0500851998345349
0.3671875 1.0471035636381165
0.36767578 1.0443055896569469
0.36816406 1.0416792803151689
0.36865234 1.0392134975361995
0.36914062 1.0368978929036414
0.36962891 1.0347228443725776
0.37011719 1.0326793988271001
0.37060547 1.0307592198646867
0.37109375 1.0289545402618023
0.37158203 1.0272581186393939
0.37207031 1.0256631999019494
0.37255859 1.0241634790732963
0.37304688 1.0227530681943056
0.37353516 1.0214264659854453
0.37402344 1.0201785300087423
0.37451172 1.0190044510941219
0.375 1.0178997298183936
0.37548828 1.0168601548490754
0.37597656 1.0158817829839282
0.37646484 1.0149609207346688
0.37695312 1.014094107318778
0.37744141 1.013278098937218
0.37792969 1.012509854227283
0.37841797 1.0117865207912127
0.37890625 1.0111054227109406
0.37939453 1.0104640489666983
0.37988281 1.009860042686796
0.38037109 1.0092911911606648
0.38085938 1.0087554165550987
0.38134766 1.0082507672779506
0.38183594 1.0077754099391592
0.38232422 1.0073276218629665
0.3828125 1.0069057841096711
0.38330078 1.0065083749682524
0.38378906 1.0061339638851834
0.38427734 1.0057812057969557
0.38476562 1.0054488358370848
0.38525391 1.0051356643903584
0.38574219 1.0048405724697997
0.38623047 1.0045625073929547
0.38671875 1.0043004787369172
0.38720703 1.0040535545525526
0.38769531 1.0038208578198526
0.38818359 1.003601563127979
0.38867188 1.0033948935648311
0.38916016 1.0032001178019319
0.38964844 1.0030165473613404
0.39013672 1.002843534052826
0.390625 1.002680467569699
0.39111328 1.0025267732333238
0.39160156 1.0023819098759992
0.39208984 1.0022453678539605
0.39257812 1.0021166671812693
0.39306641 1.0019953557778374
0.39355469 1.0018810078232918
0.39404297 1.0017732222106304
0.39453125 1.0016716210932284
0.39501953 1.0015758485192472
0.39550781 1.0014855691478264
0.39599609 1.0014004670423167
0.39648438 1.0013202445356582
0.39697266 1.0012446211630897
0.39746094 1.0011733326585837
0.39794922 1.0011061300108217
0.3984375 1.0010427785749347
0.39892578 1.0009830572369762
0.39941406 1.0009267576274539
0.39990234 1.0008736833816128
0.40039062 1.0008236494427454
0.40087891 1.0007764814068563
0.40136719 1.0007320149054972
0.40185547 1.0006900950250124
0.40234375 1.000650575759438
0.40283203 1.000613319495723
0.40332031 1.0005781965288008
0.40380859 1.0005450846049118
0.40429688 1.0005138684916883
0.40478516 1.0004844395731325
0.40527344 1.0004566954682041
0.40576172 1.0004305396714663
0.40625 1.0004058812146885
0.40673828 1.0003826343481204
0.40722656 1.000360718240061
0.40771484 1.000340056693919
0.40820312 1.0003205778817204
0.40869141 1.0003022140928854
0.40917969 1.0002849014975936
0.40966797 1.0002685799237994
0.41015625 1.000253192647241
0.41064453 1.0002386861932342
0.41113281 1.0002250101502952
0.41162109 1.0002121169942817
0.41210938 1.0001999619226434
0.41259766 1.0001885026982695
0.41308594 1.0001776995024831
0.41357422 1.0001675147961142
0.4140625 1.0001579131890093
0.41455078 1.0001488613166574
0.41503906 1.0001403277241734
0.41552734 1.0001322827568342
0.41601562 1.000124698456863
0.41650391 1.000117548466262
0.41699219 1.000110807935188
0.41748047 1.0001044534354655
0.41796875 1.000098462879271
0.41845703 1.0000928154422328
0.41894531 1.0000874914912838
0.41943359 1.00008247251627
0.41992188 1.0000777410658008
0.42041016 1.000073280686518
0.42089844 1.0000690758661552
0.42138672 1.0000651119795192
0.421875 1.0000613752377947
0.42236328 1.000057852640726
0.42285156 1.0000545319314846
0.42333984 1.0000514015541184
0.42382812 1.000048450613552
0.42431641 1.0000456688376917
0.42480469 1.000043046541891
0.42529297 1.0000405745953045
0.42578125 1.000038244389293
0.42626953 1.0000360478075387
0.42675781 1.0000339771978288
0.42724609 1.0000320253457748
0.42773438 1.0000301854494356
0.42822266 1.0000284510961177
0.42871094 1.0000268162398127
0.42919922 1.0000252751805374
0.4296875 1.0000238225442346
0.43017578 1.0000224532644562
0.43066406 1.0000211625646278
0.43115234 1.0000199459414925
0.43164062 1.0000187991495215
0.43212891 1.000017718186203
0.43261719 1.000016699278091
0.43310547 1.000015738867769
0.43359375 1.0000148336014423
0.43408203 1.0000139803173718
0.43457031 1.000013176034898
0.43505859 1.0000124179439596
0.43554688 1.0000117033954883
0.43603516 1.0000110298921034
0.43652344 1.0000103950795152
0.43701172 1.0000097967383041
0.4375 1.000009232776108
0.43798828 1.0000087012205428
0.43847656 1.0000082002122332
0.43896484 1.0000077279982755
0.43945312 1.000007282926309
0.43994141 1.0000068634386294
0.44042969 1.000006468066815
0.44091797 1.0000060954266394
0.44140625 1.0000057442131824
0.44189453 1.0000054131963918
0.44238281 1.0000051012167255
0.44287109 1.0000048071810812
0.44335938 1.0000045300590696
0.44384766 1.0000042688794086
0.44433594 1.000004022726491
0.44482422 1.0000037907372454
0.4453125 1.0000035720980645
0.44580078 1.0000033660420629
0.44628906 1.000003171846305
0.44677734 1.0000029888293707
0.44726562 1.0000028163488959
0.44775391 1.000002653799403
0.44824219 1.000002500610145
0.44873047 1.000002356243106
0.44921875 1.0000022201912204
0.44970703 1.0000020919764452
0.45019531 1.0000019711482044
0.45068359 1.0000018572818163
0.45117188 1.000001749976926
0.45166016 1.000001648856196
0.45214844 1.0000015535639495
0.45263672 1.0000014637649302
0.453125 1.000001379143148
0.45361328 1.0000012994007537
0.45410156 1.0000012242569718
0.45458984 1.000001153447191
0.45507812 1.0000010867219853
0.45556641 1.0000010238462744
0.45605469 1.0000009645984629
0.45654297 1.000000908769728
0.45703125 1.0000008561631626
0.45751953 1.0000008065932708
0.45800781 1.000000759885153
0.45849609 1.000000715873992
0.45898438 1.0000006744044434
0.45947266 1.0000006353300823
0.45996094 1.000000598512917
0.46044922 1.0000005638228864
0.4609375 1.0000005311373779
0.46142578 1.0000005003408678
0.46191406 1.0000004713244985
0.46240234 1.0000004439855958
0.46289062 1.0000004182274629
0.46337891 1.0000003939589308
0.46386719 1.0000003710940977
0.46435547 1.0000003495519998
0.46484375 1.0000003292563044
0.46533203 1.000000310135118
0.46582031 1.0000002921206632
0.46630859 1.0000002751490422
0.46679688 1.0000002591601127
0.46728516 1.0000002440970845
0.46777344 1.0000002299065185
0.46826172 1.0000002165380348
0.46875 1.0000002039441434
0.46923828 1.0000001920801391
0.46972656 1.0000001809037848
0.47021484 1.000000170375398
0.47070312 1.0000001604575388
0.47119141 1.0000001511148622
0.47167969 1.0000001423141776
0.47216797 1.0000001340240856
0.47265625 1.0000001262151121
0.47314453 1.0000001188594156
0.47363281 1.0000001119307673
0.47412109 1.0000001054044492
0.47460938 1.0000000992572047
0.47509766 1.000000093467085
0.47558594 1.000000088013405
0.47607422 1.0000000828766944
0.4765625 1.0000000780385907
0.47705078 1.0000000734818135
0.47753906 1.0000000691900572
0.47802734 1.0000000651479817
0.47851562 1.0000000613410869
0.47900391 1.0000000577557584
0.47949219 1.0000000543791705
0.47998047 1.000000051199203
0.48046875 1.0000000482044482
0.48095703 1.0000000453841809
0.48144531 1.000000042728249
0.48193359 1.000000040227158
0.48242188 1.0000000378718887
0.48291016 1.000000035654002
0.48339844 1.0000000335654993
0.48388672 1.0000000315988993
0.484375 1.0000000297470912
0.48486328 1.0000000280034138
0.48535156 1.000000026361602
0.48583984 1.000000024815731
0.48632812 1.0000000233602233
0.48681641 1.0000000219898233
0.48730469 1.0000000206995896
0.48779297 1.0000000194848602
0.48828125 1.0000000183412463
0.48876953 1.0000000172645993
0.48925781 1.0000000162510636
0.48974609 1.0000000152969064
0.49023438 1.000000014398752
0.49072266 1.0000000135532825
0.49121094 1.000000012757454
0.49169922 1.000000012008377
0.4921875 1.0000000113033325
0.49267578 1.000000010639762
0.49316406 1.0000000100152597
0.49365234 1.0000000094275419
0.49414062 1.0000000088744745
0.49462891 1.00000000835404
0.49511719 1.0000000078643496
0.49560547 1.0000000074036097
0.49609375 1.0000000069701571
0.49658203 1.0000000065623833
0.49707031 1.0000000061788092
0.49755859 1.0000000058180367
0.49804688 1.0000000054787428
0.49853516 1.0000000051596758
0.49902344 1.000000004859673
0.49951172 1.0000000045776432
0.5 1.0000000043125281
0.50048828 1.0000000040633743
0.50097656 1.0000000038292547
0.50146484 1.000000003609315
0.50195312 1.0000000034027328
0.50244141 1.0000000032087444
0.50292969 1.0000000030266456
0.50341797 1.0000000028557443
0.50390625 1.0000000026954292
0.50439453 1.0000000025450873
0.50488281 1.000000002404167
0.50537109 1.0000000022721438
0.50585938 1.0000000021485107
0.50634766 1.0000000020328246
0.50683594 1.000000001924641
0.50732422 1.0000000018235564
0.5078125 1.0000000017291892
0.50830078 1.000000001641181
0.50878906 1.0000000015591999
0.50927734 1.000000001482928
0.50976562 1.000000001412082
0.51025391 1.0000000013463788
0.51074219 1.0000000012855659
0.51123047 1.0000000012294157
0.51171875 1.0000000011777033
0.51220703 1.00000000113022
0.51269531 1.000000001086778
0.51318359 1.0000000010472034
0.51367188 1.0000000010113335
0.51416016 1.0000000009790186
0.51464844 1.000000000950127
0.51513672 1.0000000009245227
0.515625 1.0000000009021033
0.51611328 1.0000000008827583
0.51660156 1.0000000008663945
0.51708984 1.0000000008529377
0.51757812 1.0000000008423036
0.51806641 1.000000000834441
0.51855469 1.0000000008292802
0.51904297 1.0000000008267853
0.51953125 1.0000000008269168
0.52001953 1.00000000082964
0.52050781 1.0000000008349423
0.52099609 1.0000000008428018
0.52148438 1.0000000008532182
0.52197266 1.0000000008661907
0.52246094 1.0000000008817271
0.52294922 1.0000000008998446
0.5234375 1.0000000009205694
0.52392578 1.0000000009439298
0.52441406 1.000000000969964
0.52490234 1.000000000998725
0.52539062 1.0000000010302588
0.52587891 1.0000000010646286
0.52636719 1.0000000011019021
0.52685547 1.0000000011421584
0.52734375 1.0000000011854764
0.52783203 1.0000000012319505
0.52832031 1.0000000012816797
0.52880859 1.0000000013347659
0.52929688 1.000000001391335
0.52978516 1.0000000014515016
0.53027344 1.0000000015154047
0.53076172 1.0000000015831836
0.53125 1.0000000016549966
0.53173828 1.0000000017309953
0.53222656 1.0000000018113526
0.53271484 1.0000000018962545
0.53320312 1.0000000019858861
0.53369141 1.0000000020804503
0.53417969 1.0000000021801667
0.53466797 1.0000000022852547
0.53515625 1.000000002395955
0.53564453 1.0000000025125075
0.53613281 1.0000000026352003
0.53662109 1.0000000027642821
0.53710938 1.0000000029000606
0.53759766 1.0000000030428353
0.53808594 1.0000000031929306
0.53857422 1.0000000033506868
0.5390625 1.0000000035164485
0.53955078 1.0000000036906
0.54003906 1.0000000038735153
0.54052734 1.0000000040656183
0.54101562 1.0000000042673336
0.54150391 1.0000000044791002
0.54199219 1.0000000047014055
0.54248047 1.00000000493472
0.54296875 1.000000005179578
0.54345703 1.000000005436516
0.54394531 1.000000005706104
0.54443359 1.000000005988929
0.54492188 1.0000000062856125
0.54541016 1.000000006596803
0.54589844 1.0000000069231896
0.54638672 1.0000000072654713
0.546875 1.0000000076243944
0.54736328 1.0000000080007538
0.54785156 1.0000000083953378
0.54833984 1.0000000088090184
0.54882812 1.000000009242677
0.54931641 1.0000000096972563
0.54980469 1.0000000101737156
0.55029297 1.0000000106730949
0.55078125 1.0000000111964433
0.55126953 1.0000000117448797
0.55175781 1.000000012319573
0.55224609 1.0000000129217304
0.55273438 1.0000000135526435
0.55322266 1.0000000142136138
0.55371094 1.0000000149060715
0.55419922 1.0000000156314173
0.5546875 1.0000000163912146
0.55517578 1.0000000171870238
0.55566406 1.000000018020526
0.55615234 1.0000000188934164
0.55664062 1.0000000198075356
0.55712891 1.000000020764769
0.55761719 1.0000000217670666
0.55810547 1.000000022816509
0.55859375 1.0000000239152593
0.55908203 1.0000000250655314
0.55957031 1.000000026269695
0.56005859 1.0000000275302106
0.56054688 1.00000002884962
0.56103516 1.0000000302305931
0.56152344 1.0000000316759303
0.56201172 1.0000000331885415
0.5625 1.0000000347714548
0.56298828 1.000000036427869
0.56347656 1.000000038161073
0.56396484 1.0000000399745252
0.56445312 1.0000000418718504
0.56494141 1.0000000438567986
0.56542969 1.0000000459332872
0.56591797 1.0000000481054359
0.56640625 1.0000000503775022
0.56689453 1.0000000527539665
0.56738281 1.000000055239467
0.56787109 1.0000000578388697
0.56835938 1.000000060557233
0.56884766 1.0000000633998374
0.56933594 1.000000066372197
0.56982422 1.000000069480044
0.5703125 1.0000000727293914
0.57080078 1.000000076126487
0.57128906 1.0000000796778177
0.57177734 1.0000000833902152
0.57226562 1.0000000872707169
0.57275391 1.000000091326744
0.57324219 1.0000000955659973
0.57373047 1.0000000999964715
0.57421875 1.0000001046265528
0.57470703 1.00000010946493
0.57519531 1.0000001145207187
0.57568359 1.0000001198033825
0.57617188 1.0000001253227708
0.57666016 1.0000001310891937
0.57714844 1.0000001371133371
0.57763672 1.000000143406381
0.578125 1.0000001499799454
0.57861328 1.0000001568461498
0.57910156 1.0000001640176173
0.57958984 1.0000001715075009
0.58007812 1.0000001793294842
0.58056641 1.0000001874978268
0.58105469 1.0000001960273812
0.58154297 1.000000204933654
0.58203125 1.0000002142327007
0.58251953 1.0000002239413084
0.58300781 1.0000002340769765
0.58349609 1.0000002446578522
0.58398438 1.000000255702877
0.58447266 1.0000002672317545
0.58496094 1.0000002792650386
0.58544922 1.000000291824034
0.5859375 1.0000003049309636
0.58642578 1.0000003186090116
0.58691406 1.0000003328822387
0.58740234 1.0000003477756596
0.58789062 1.0000003633154007
0.58837891 1.0000003795285615
0.58886719 1.000000396443372
0.58935547 1.0000004140891945
0.58984375 1.00000043249659
0.59033203 1.0000004516973569
0.59082031 1.0000004717245021
0.59130859 1.0000004926125077
0.59179688 1.000000514397023
0.59228516 1.0000005371153442
0.59277344 1.0000005608061198
0.59326172 1.0000005855095808
0.59375 1.0000006112675741
0.59423828 1.0000006381235633
0.59472656 1.0000006661228067
0.59521484 1.0000006953123268
0.59570312 1.0000007257409824
0.59619141 1.0000007574595913
0.59667969 1.0000007905209636
0.59716797 1.0000008249800345
0.59765625 1.0000008608938202
0.59814453 1.0000008983216462
0.59863281 1.0000009373251224
0.59912109 1.0000009779683219
0.59960938 1.0000010203177507
0.60009766 1.0000010644425688
0.60058594 1.0000011104145972
0.60107422 1.0000011583084705
0.6015625 1.0000012082017145
0.60205078 1.0000012601748707
0.60253906 1.0000013143115756
0.60302734 1.0000013706987227
0.60351562 1.0000014294265454
0.60400391 1.000001490588761
0.60449219 1.0000015542826959
0.60498047 1.0000016206093818
0.60546875 1.0000016896737842
0.60595703 1.0000017615848544
0.60644531 1.0000018364556142
0.60693359 1.0000019144035952
0.60742188 1.0000019955506287
0.60791016 1.0000020800232918
0.60839844 1.0000021679528892
0.60888672 1.000002259475721
0.609375 1.0000023547333048
0.60986328 1.0000024538724106
0.61035156 1.0000025570453808
0.61083984 1.0000026644103126
0.61132812 1.0000027761312849
0.61181641 1.000002892378403
0.61230469 1.0000030133282474
0.61279297 1.0000031391639799
0.61328125 1.0000032700755903
0.61376953 1.0000034062601415
0.61425781 1.0000035479220581
0.61474609 1.0000036952733318
0.61523438 1.0000038485338145
0.61572266 1.0000040079314934
0.61621094 1.0000041737028027
0.61669922 1.000004346092862
0.6171875 1.000004525355898
0.61767578 1.0000047117553619
0.61816406 1.0000049055644569
0.61865234 1.000005107066373
0.61914062 1.0000053165546872
0.61962891 1.0000055343336158
0.62011719 1.000005760718522
0.62060547 1.000005996036282
0.62109375 1.0000062406255366
0.62158203 1.0000064948372827
0.62207031 1.0000067590352018
0.62255859 1.000007033596122
0.62304688 1.000007318910443
0.62353516 1.000007615382628
0.62402344 1.0000079234316537
0.62451172 1.0000082434915645
0.625 1.0000085760119592
0.62548828 1.0000089214584413
0.62597656 1.0000092803133085
0.62646484 1.0000096530759544
0.62695312 1.0000100402636316
0.62744141 1.000010442411833
0.62792969 1.0000108600751265
0.62841797 1.000011293827619
0.62890625 1.000011744263751
0.62939453 1.0000122119988255
0.62988281 1.0000126976698742
0.63037109 1.0000132019362238
0.63085938 1.0000137254803987
0.63134766 1.00001426900867
0.63183594 1.000014833252108
0.63232422 1.0000154189671204
0.6328125 1.000016026936561
0.63330078 1.0000166579704146
0.63378906 1.0000173129067185
0.63427734 1.0000179926125603
0.63476562 1.0000186979848866
0.63525391 1.0000194299516487
0.63574219 1.0000201894726881
0.63623047 1.000020977540803
0.63671875 1.0000217951828416
0.63720703 1.000022643460742
0.63769531 1.0000235234727515
0.63818359 1.0000244363545263
0.63867188 1.0000253832803658
0.63916016 1.0000263654644246
0.63964844 1.0000273841620282
0.64013672 1.0000284406709836
0.640625 1.00002953633286
0.64111328 1.0000306725344132
0.64160156 1.0000318507091615
0.64208984 1.0000330723386237
0.64257812 1.0000343389540283
0.64306641 1.0000356521377598
0.64355469 1.0000370135249914
0.64404297 1.0000384248054646
0.64453125 1.0000398877249779
0.64501953 1.000041404087331
0.64550781 1.0000429757560163
0.64599609 1.0000446046561402
0.64648438 1.0000462927762706
0.64697266 1.000048042170479
0.64746094 1.0000498549603334
0.64794922 1.0000517333368855
0.6484375 1.0000536795629653
0.64892578 1.0000556959753324
0.64941406 1.0000577849868004
0.64990234 1.0000599490888082
0.65039062 1.0000621908535574
0.65087891 1.0000645129366676
0.65136719 1.0000669180795945
0.65185547 1.0000694091122493
0.65234375 1.0000719889557368
0.65283203 1.0000746606249762
0.65332031 1.0000774272316535
0.65380859 1.0000802919869645
0.65429688 1.0000832582047805
0.65478516 1.0000863293045705
0.65527344 1.0000895088145936
0.65576172 1.000092800375114
0.65625 1.0000962077417712
0.65673828 1.0000997347889333
0.65722656 1.0001033855131805
0.65771484 1.0001071640369739
0.65820312 1.0001110746123203
0.65869141 1.0001151216245525
0.65917969 1.000119309596159
0.65966797 1.0001236431910274
0.66015625 1.0001281272181712
0.66064453 1.000132766636331
0.66113281 1.000137566557973
0.66162109 1.0001425322539834
0.66210938 1.0001476691580728
0.66259766 1.0001529828715325
0.66308594 1.0001584791679916
0.66357422 1.0001641639983323
0.6640625 1.0001700434958298
0.66455078 1.0001761239812912
0.66503906 1.0001824119682987
0.66552734 1.0001889141687639
0.66601562 1.0001956374985643
0.66650391 1.0002025890830724
0.66699219 1.0002097762633988
0.66748047 1.0002172066020512
0.66796875 1.0002248878893725
0.66845703 1.0002328281498911
0.66894531 1.0002410356486644
0.66943359 1.0002495188980967
0.66992188 1.0002582866647698
0.67041016 1.0002673479763764
0.67089844 1.0002767121290481
0.67138672 1.0002863886945792
0.671875 1.0002963875280562
0.67236328 1.0003067187756374
0.67285156 1.0003173928823252
0.67333984 1.000328420600325
0.67382812 1.0003398129971033
0.67431641 1.0003515814642072
0.67480469 1.000363737725755
0.67529297 1.0003762938475114
0.67578125 1.0003892622459738
0.67626953 1.0004026556978467
0.67675781 1.0004164873496735
0.67724609 1.000430770727458
0.67773438 1.0004455197470112
0.67822266 1.0004607487241572
0.67871094 1.0004764723852497
0.67919922 1.0004927058781201
0.6796875 1.000509464782919
0.68017578 1.000526765123689
0.68066406 1.0005446233798034
0.68115234 1.0005630564979104
0.68164062 1.0005820819040596
0.68212891 1.000601717515983
0.68261719 1.0006219817561117
0.68310547 1.0006428935642306
0.68359375 1.0006644724111233
0.68408203 1.0006867383118774
0.68457031 1.0007097118399497
0.68505859 1.000733414141373
0.68554688 1.000757866949447
0.68603516 1.000783092599364
0.68652344 1.0008091140436264
0.68701172 1.0008359548676413
0.6875 1.0008636393054173
0.68798828 1.0008921922561216
0.68847656 1.0009216393004619
0.68896484 1.0009520067178759
0.68945312 1.0009833215038189
0.68994141 1.0010156113875395
0.69042969 1.001048904850242
0.69091797 1.001083231143661
0.69140625 1.0011186203089777
0.69189453 1.0011551031962425
0.69238281 1.0011927114840526
0.69287109 1.0012314777000384
0.69335938 1.0012714352411547
0.69384766 1.0013126183950751
0.69433594 1.0013550623616665
0.69482422 1.0013988032749326
0.6953125 1.0014438782255692
0.69580078 1.0014903252839573
0.69628906 1.0015381835235306
0.69677734 1.0015874930448265
0.69726562 1.0016382949997975
0.69775391 1.0016906316170266
0.69824219 1.0017445462268981
0.69873047 1.0018000832878835
0.69921875 1.0018572884129722
0.69970703 1.0019162083968742
0.70019531 1.0019768912436475
0.70068359 1.0020393861949284
0.70117188 1.002103743758862
0.70166016 1.0021700157394502
0.70214844 1.0022382552665983
0.70263672 1.002308516826844
0.703125 1.002380856294512
0.70361328 1.00245533096369
0.70410156 1.002531999580776
0.70458984 1.0026109223777302
0.70507812 1.0026921611058621
0.70556641 1.0027757790705116
0.70605469 1.0028618411663333
0.70654297 1.0029504139130565
0.70703125 1.0030415654924898
0.70751953 1.0031353657856912
0.70800781 1.003231886411255
0.70849609 1.0033312007642332
0.70898438 1.0034333840558398
0.70947266 1.0035385133539192
0.70996094 1.003646667624214
0.71044922 1.0037579277725026
0.7109375 1.003872376687545
0.71142578 1.0039900992847843
0.71191406 1.0041111825511004
0.71240234 1.0042357155901136
0.71289062 1.0043637896688038
0.71337891 1.0044954982646002
0.71386719 1.004630937113808
0.71435547 1.0047702042605215
0.71484375 1.0049134001069517
0.71533203 1.0050606274643896
0.71582031 1.0052119916052065
0.71630859 1.0053676003161134
0.71679688 1.005527563951976
0.71728516 1.0056919954913353
0.71777344 1.0058610105920986
0.71826172 1.006034727649355
0.71875 1.006213267853255
0.71923828 1.0063967552487953
0.71972656 1.006585316796373
0.72021484 1.006779082433459
0.72070312 1.0069781851377133
0.72119141 1.0071827609910886
0.72167969 1.0073929492450833
0.72216797 1.0076088923875435
0.72265625 1.0078307362104741
0.72314453 1.0080586298791046
0.72363281 1.008292726002603
0.72412109 1.0085331807056006
0.72460938 1.0087801537016503
0.72509766 1.0090338083675139
0.72558594 1.0092943118193423
0.72607422 1.0095618349899123
0.7265625 1.0098365527075204
0.72705078 1.0101186437762504
0.72753906 1.0104082910578915
0.72802734 1.0107056815552329
0.72851562 1.011011006497018
0.72900391 1.0113244614243473
0.72949219 1.011646246278978
0.72998047 1.011976565492832
0.73046875 1.0123156280796315
0.73095703 1.0126636477278668
0.73144531 1.0130208428957475
0.73193359 1.0133874369076754
0.73242188 1.0137636580527054
0.73291016 1.0141497396846513
0.73339844 1.0145459203240375
0.73388672 1.0149524437621404
0.734375 1.0153695591665208
0.73486328 1.0157975211889414
0.73535156 1.0162365900747208
0.73583984 1.0166870317745949
0.73632812 1.0171491180580272
0.73681641 1.0176231266290858
0.73730469 1.0181093412439526
0.73779297 1.0186080518306686
0.73828125 1.0191195546110876
0.73876953 1.0196441522247561
0.73925781 1.0201821538549631
0.73974609 1.020733875357276
0.74023438 1.0212996393896532
0.74072266 1.0218797755454119
0.74121094 1.0224746204878832
0.74169922 1.0230845180877495
0.7421875 1.0237098195621932
0.74267578 1.0243508836166841
0.74316406 1.0250080765886498
0.74365234 1.025681772593829
0.74414062 1.026372353674538
0.74462891 1.0270802099501952
0.74511719 1.0278057397704354
0.74560547 1.0285493498700613
0.74609375 1.0293114555264062
0.74658203 1.030092480718817
0.74707031 1.0308928582903238
0.74755859 1.0317130301113453
0.74804688 1.0325534472456708
0.74853516 1.033414570118216
0.74902344 1.0342968686847982
0.74951172 1.035200822603796
0.75 1.036126921409763
0.75048828 1.0370756646884585
0.75097656 1.038047562253678
0.75146484 1.0390431343255215
0.75195312 1.0400629117098503
0.75244141 1.0411074359792252
0.75292969 1.0421772596545869
0.75341797 1.0432729463878516
0.75390625 1.0443950711452037
0.75439453 1.0455442203907652
0.75488281 1.0467209922702763
0.75537109 1.0479259967948402
0.75585938 1.049159856024036
0.75634766 1.0504232042485384
0.75683594 1.0517166881711473
0.75732422 1.0530409670868546
0.7578125 1.0543967130604144
0.75830078 1.0557846111017946
0.75878906 1.0572053593385435
0.75927734 1.0586596691845638
0.75976562 1.0601482655049121
0.76025391 1.061671886775551
0.76074219 1.0632312852377703
0.76123047 1.0648272270461465
0.76171875 1.0664604924093872
0.76220703 1.0681318757230267
0.76269531 1.0698421856930738
0.76318359 1.071592245449421
0.76367188 1.07338289264799
0.76416016 1.0752149795602275
0.76464844 1.0770893731485067
0.76513672 1.0790069551264478
0.765625 1.0809686220018326
0.76611328 1.0829752851011198
0.76660156 1.08502787057321
0.76708984 1.0871273193708382
0.76757812 1.0892745872073222
0.76806641 1.091470644486396
0.76855469 1.0937164762026614
0.76904297 1.0960130818101728
0.76953125 1.0983614750561597
0.77001953 1.10076268377704
0.77050781 1.1032177496534188
0.77099609 1.105727727920485
0.77148438 1.1082936870304907
0.77197266 1.110916708262883
0.77246094 1.1135978852782613
0.77294922 1.1163383236114153
0.7734375 1.1191391400987243
0.77392578 1.1220014622348409
0.77441406 1.1249264274531003
0.77490234 1.1279151823239228
0.77539062 1.1309688816650332
0.77587891 1.1340886875569196
0.77636719 1.1372757682565302
0.77685547 1.140531297002048
0.77734375 1.1438564507006816
0.77783203 1.1472524084913243
0.77832031 1.1507203501734713
0.77880859 1.1542614544930694
0.77929688 1.1578768972756737
0.77978516 1.1615678493968544
0.78027344 1.1653354745789848
0.78076172 1.1691809270033606
0.78125 1.1731053487260013
0.78173828 1.1771098668848703
0.78222656 1.1811955906858689
0.78271484 1.1853636081543666
0.78320312 1.1896149826388245
0.78369141 1.1939507490522705
0.78417969 1.1983719098373546
0.78466797 1.2028794306400112
0.78515625 1.2074742356768102
0.78564453 1.2121572027806549
0.78613281 1.2169291581094344
0.78662109 1.2217908705021847
0.78710938 1.226743045467454
0.78759766 1.231786318788663
0.78808594 1.2369212497319777
0.78857422 1.2421483138424003
0.7890625 1.2474678953148763
0.78955078 1.2528802789281435
0.79003906 1.2583856415303822
0.79052734 1.263984043067324
0.79101562 1.2696754171454465
0.79150391 1.2754595611253683
0.79199219 1.2813361257429627
0.79248047 1.2873046042592293
0.79296875 1.2933643211435362
0.79345703 1.2995144202990816
0.79394531 1.3057538528441452
0.79443359 1.312081364468306
0.79492188 1.3184954823885888
0.79541016 1.3249945019374612
0.79589844 1.3315764728219177
0.79638672 1.3382391851010058
0.796875 1.3449801549381393
0.79736328 1.3517966101940448
0.79785156 1.3586854759365528
0.79833984 1.3656433599544155
0.79882812 1.3726665383740113
0.79931641 1.3797509414899292
0.79980469 1.386892139933067
0.80029297 1.3940853313129247
0.80078125 1.4013253274839337
0.80126953 1.4086065425987133
0.80175781 1.4159229821243022
0.80224609 1.4232682330096371
0.80273438 1.430635455204469
0.80322266 1.4380173747403031
0.80371094 1.445406278593174
0.80419922 1.4527940115553175
0.8046875 1.4601719753477567
0.80517578 1.46753113020803
0.80566406 1.4748619991863796
0.80615234 1.482154675379153
0.80664062 1.4893988323196266
0.80712891 1.4965837377330151
0.80761719 1.5036982708447755
0.80810547 1.510730943407919
0.80859375 1.5176699245865901
0.80908203 1.5245030697990367
0.80957031 1.5312179535834833
0.81005859 1.5378019065056168
0.81054688 1.544242056076104
0.81103516 1.5505253715922684
0.81152344 1.5566387127592693
0.81201172 1.562568881884757
0.8125 1.5683026793771586
0.81298828 1.5738269622133367
0.81347656 1.5791287049774287
0.81396484 1.5841950630105912
0.81445312 1.589013437152977
0.81494141 1.5935715395060268
0.81542969 1.5978574595965607
0.81591797 1.6018597302860882
0.81640625 1.6055673927401437
0.81689453 1.6089700597552479
0.81738281 1.6120579767353513
0.81787109 1.614822079617209
0.81835938 1.6172540490643539
0.81884766 1.61934636028318
0.81933594 1.621092327861016
0.81982422 1.6224861450847659
0.8203125 1.6235229172684986
0.82080078 1.6241986886976725
0.82128906 1.6245104628850124
0.82177734 1.6244562159263463
0.82226562 1.6240349028417622
0.82275391 1.6232464568860747
0.82324219 1.6220917819105023
0.82373047 1.6205727379524877
0.82421875 1.618692120320365
0.82470703 1.616453632522636
0.82519531 1.6138618534659463
0.82568359 1.6109221994100533
0.82617188 1.6076408812216838
0.82666016 1.6040248575104856
0.82714844 1.6000817842601718
0.82763672 1.5958199615854614
0.828125 1.591248278251316
0.82861328 1.586376154585857
0.82910156 1.5812134844030648
0.82958984 1.5757705765267283
0.83007812 1.5700580964747766
0.83056641 1.5640870088239405
0.83105469 1.5578685207303202
0.83154297 1.5514140270331196
0.83203125 1.5447350573177119
0.83251953 1.5378432252619332
0.83300781 1.530750180536831
0.83349609 1.5234675634813275
0.83398438 1.5160069627200121
0.83447266 1.5083798758456028
0.83496094 1.5005976732429602
0.83544922 1.4926715650902467
0.8359375 1.484612571535504
0.83642578 1.4764314960135692
0.83691406 1.4681389016390103
0.83740234 1.4597450905856184
0.83789062 1.4512600863419023
0.83837891 1.4426936187148538
0.83886719 1.4340551114404976
0.83935547 1.4253536722496953
0.83984375 1.4165980852305067
0.84033203 1.4077968053239651
0.84082031 1.3989579547884974
0.84130859 1.3900893214684702
0.84179688 1.3811983587044616
0.84228516 1.3722921867268472
0.84277344 1.3633775953792076
0.84326172 1.3544610480243438
0.84375 1.3455486864925335
0.84423828 1.3366463369393382
0.84472656 1.3277595164881624
0.84521484 1.318893440541082
0.84570312 1.3100530306497942
0.84619141 1.3012429228468245
0.84667969 1.2924674763454616
0.84716797 1.2837307825248434
0.84765625 1.275036674124417
0.84814453 1.2663887345795177
0.84863281 1.2577903074367822
0.84912109 1.2492445057950308
0.84960938 1.2407542217234364
0.85009766 1.2323221356147571
0.85058594 1.223950725437057
0.85107422 1.2156422758522882
0.8515625 1.2073988871750434
0.85205078 1.1992224841489896
0.85253906 1.1911148245227334
0.85302734 1.1830775074104576
0.85351562 1.175111981426218
0.85400391 1.16721955258406
0.85449219 1.1594013919591664
0.85498047 1.1516585431084763
0.85546875 1.1439919292524787
0.85595703 1.136402360223848
0.85644531 1.1288905391936748
0.85693359 1.1214570691938386
0.85742188 1.114102459466568
0.85791016 1.1068271316934677
0.85839844 1.0996314261932219
0.85888672 1.0925156082406806
0.859375 1.0854798747662502
0.85986328 1.0785243618666258
0.86035156 1.0716491538220052
0.86083984 1.0648542946962372
0.86132812 1.0581398041007772
0.86181641 1.0515056992913139
0.86230469 1.0449520263115524
0.86279297 1.0384789031408133
0.86328125 1.0320865773134476
0.86376953 1.0257754986792333
0.86425781 1.0195464042571638
0.86474609 1.013400406135821
0.86523438 1.0073390654034058
0.86572266 1.0013644266402233
0.86621094 0.9954789815840714
0.86669922 0.9896855315147464
0.8671875 0.9839869302388927
0.86767578 0.9783857158659348
0.86816406 0.9728836776622384
0.86865234 0.9674814450079792
0.86914062 0.9621782129974177
0.86962891 0.9569717152203367
0.87011719 0.951858506361307
0.87060547 0.9468345287295112
0.87109375 0.9418958323812872
0.87158203 0.9370392402186849
0.87207031 0.9322627406877578
0.87255859 0.927565472503873
0.87304688 0.9229473179897829
0.87353516 0.9184082823236167
0.87402344 0.9139479268285828
0.87451172 0.9095650921958651
0.875 0.9052580001094361
0.87548828 0.9010246325992111
0.87597656 0.8968631599613865
0.87646484 0.8927721911031374
0.87695312 0.8887507477510417
0.87744141 0.8847980332225138
0.87792969 0.8809131717945518
0.87841797 0.8770950779039093
0.87890625 0.8733425017450802
0.87939453 0.8696541765332542
0.87988281 0.8660289448541247
0.88037109 0.8624657863340488
0.88085938 0.8589637567504035
0.88134766 0.8555219078371075
0.88183594 0.8521392508933838
0.88232422 0.8488147762355256
0.8828125 0.8455474948374526
0.88330078 0.8423364622459484
0.88378906 0.8391807719859268
0.88427734 0.8360795345336155
0.88476562 0.8330318641767569
0.88525391 0.8300368814963622
0.88574219 0.8270937230194257
0.88623047 0.8242015465066448
0.88671875 0.8213595286428914
0.88720703 0.8185668600583493
0.88769531 0.8158227431198707
0.88818359 0.8131263931221289
0.88867188 0.8104770399939162
0.88916016 0.8078739283517087
0.88964844 0.8053163163077308
0.89013672 0.8028034745262276
0.890625 0.8003346861114712
0.89111328 0.7979092467864028
0.89160156 0.7955264647654368
0.89208984 0.7931856603362398
0.89257812 0.7908861654816851
0.89306641 0.7886273236759167
0.89355469 0.7864084897332403
0.89404297 0.7842290295933059
0.89453125 0.7820883200628972
0.89501953 0.7799857485804094
0.89550781 0.7779207130136907
0.89599609 0.775892621461582
0.89648438 0.7739008920456778
0.89697266 0.771944952703095
0.89746094 0.7700242409890956
0.89794922 0.768138203886253
0.8984375 0.7662862976154092
0.89892578 0.7644679874489506
0.89941406 0.7626827475285705
0.89990234 0.7609300606874843
0.90039062 0.7592094182760565
0.90087891 0.7575203199906686
0.90136719 0.7558622737061618
0.90185547 0.7542347953118795
0.90234375 0.7526374085510767
0.90283203 0.7510696448635996
0.90332031 0.7495310432318534
0.90380859 0.7480211500300005
0.90429688 0.7465395188763151
0.90478516 0.7450857104886273
0.90527344 0.7436592925428204
0.90576172 0.7422598395343252
0.90625 0.7408869326425409
0.90673828 0.7395401595981381
0.90722656 0.7382191145532164
0.90771484 0.7369233979542031
0.90820312 0.7356526164175122
0.90869141 0.7344063826078746
0.90917969 0.7331843151192847
0.90966797 0.7319860383585353
0.91015625 0.7308111824312815
0.91064453 0.729659383030587
0.91113281 0.7285302813279074
0.91162109 0.7274235238664534
0.91210938 0.7263387624569186
0.91259766 0.7252756540754765
0.91308594 0.7242338607640637
0.91357422 0.723213049532847
0.9140625 0.722212892264863
0.91455078 0.7212330656228012
0.91503906 0.7202732509578506
0.91552734 0.7193331342205915
0.91601562 0.7184124058738951
0.91650391 0.7175107608077744
0.91699219 0.7166278982561725
0.91748047 0.7157635217156262
0.91796875 0.7149173388657685
0.91845703 0.7140890614916555
0.91894531 0.7132784054078614
0.91943359 0.7124850903842932
0.91992188 0.7117088400737321
0.92041016 0.7109493819410184
0.92089844 0.7102064471938847
0.92138672 0.7094797707153708
0.921875 0.7087690909978206
0.92236328 0.7080741500784064
0.92285156 0.7073946934761417
0.92333984 0.7067304701303722
0.92382812 0.706081232340716
0.92431641 0.7054467357083924
0.92480469 0.7048267390789433
0.92529297 0.704221004486293
0.92578125 0.7036292970981433
0.92626953 0.7030513851626436
0.92675781 0.7024870399563412
0.92724609 0.7019360357333648
0.92773438 0.7013981496758157
0.92822266 0.7008731618453448
0.92871094 0.70036085513589
0.92919922 0.6998610152275557
0.9296875 0.6993734305415962
0.93017578 0.6988978921964711
0.93066406 0.6984341939649961
0.93115234 0.6979821322324984
0.93164062 0.6975415059560082
0.93212891 0.6971121166244304
0.93261719 0.6966937682197056
0.93310547 0.6962862671789031
0.93359375 0.6958894223572492
0.93408203 0.6955030449920678
0.93457031 0.6951269486676026
0.93505859 0.6947609492807139
0.93554688 0.6944048650074122
0.93603516 0.6940585162702274
0.93652344 0.6937217257063952
0.93701172 0.693394318136824
0.9375 0.693076120535846
0.93798828 0.6927669620017058
0.93847656 0.6924666737278087
0.93896484 0.6921750889746825
0.93945312 0.6918920430426461
0.93994141 0.6916173732451507
0.94042969 0.6913509188828215
0.94091797 0.6910925212181346
0.94140625 0.690842023450752
0.94189453 0.690599270693454
0.94238281 0.6903641099487217
0.94287109 0.6901363900858969
0.94335938 0.6899159618189091
0.94384766 0.6897026776846162
0.94433594 0.689496392021645
0.94482422 0.6892969609498178
0.9453125 0.6891042423500919
0.94580078 0.6889180958450176
0.94628906 0.6887383827796891
0.94677734 0.6885649662032169
0.94726562 0.6883977108506348
0.94775391 0.6882364831253269
0.94824219 0.6880811510818637
0.94873047 0.6879315844093192
0.94921875 0.6877876544150056
0.94970703 0.6876492340086391
0.95019531 0.6875161976868948
0.95068359 0.6873884215184121
0.95117188 0.6872657831291477
0.95166016 0.6871481616881376
0.95214844 0.6870354378936193
0.95263672 0.6869274939595335
0.953125 0.6868242136023659
0.95361328 0.6867254820283363
0.95410156 0.6866311859209318
0.95458984 0.6865412134287772
0.95507812 0.6864554541538037
0.95556641 0.6863737991397378
0.95605469 0.6862961408609143
0.95654297 0.6862223732113566
0.95703125 0.6861523914941638
0.95751953 0.68608609241117
0.95800781 0.6860233740528947
0.95849609 0.685964135888741
0.95898438 0.6859082787574622
0.95947266 0.6858557048578755
0.95996094 0.6858063177398441
0.96044922 0.6857600222954676
0.9609375 0.6857167247505412
0.96142578 0.6856763326562145
0.96191406 0.6856387548808957
0.96240234 0.6856039016023532
0.96289062 0.6855716843000393
0.96337891 0.6855420157476233
0.96386719 0.6855148100057056
0.96435547 0.6854899824147582
0.96484375 0.6854674495882227
0.96533203 0.6854471294058229
0.96582031 0.6854289410070376
0.96630859 0.6854128047847508
0.96679688 0.6853986423790868
0.96728516 0.6853863766713939
0.96777344 0.6853759317784116
0.96826172 0.6853672330465858
0.96875 0.6853602070465177
0.96923828 0.6853547815676096
0.96972656 0.6853508856128326
0.97021484 0.6853484493936131
0.97070312 0.6853474043248924
0.97119141 0.6853476830203276
0.97167969 0.6853492192875932
0.97216797 0.6853519481238466
0.97265625 0.685355805711281
0.97314453 0.6853607294128485
0.97363281 0.6853666577680533
0.97412109 0.6853735304889076
0.97460938 0.6853812884559847
0.97509766 0.6853898737145587
0.97558594 0.6853992294709068
0.97607422 0.6854093000886725
0.9765625 0.6854200310853394
0.97705078 0.6854313691288477
0.97753906 0.6854432620342508
0.97802734 0.6854556587605147
0.97851562 0.6854685094073951
0.97900391 0.6854817652124081
0.97949219 0.6854953785479025
0.97998047 0.6855093029181908
0.98046875 0.6855234929568292
0.98095703 0.6855379044239109
0.98144531 0.6855524942034961
0.98193359 0.6855672203010987
0.98242188 0.6855820418412737
0.98291016 0.6855969190652577
0.98339844 0.6856118133287192
0.98388672 0.6856266870995669
0.984375 0.6856415039558155
0.98486328 0.685656228583573
0.98535156 0.6856708267750603
0.98583984 0.6856852654267163
0.98632812 0.685699512537374
0.98681641 0.6857135372065144
0.98730469 0.6857273096325656
0.98779297 0.6857408011112988
0.98828125 0.6857539840342608
0.98876953 0.6857668318872998
0.98925781 0.6857793192491337
0.98974609 0.6857914217900001
0.99023438 0.6858031162703494
0.99072266 0.6858143805396395
0.99121094 0.6858251935351275
0.99169922 0.6858355352807863
0.9921875 0.6858453868862473
0.99267578 0.6858547305458257
0.99316406 0.6858635495375507
0.99365234 0.6858718282223331
0.99414062 0.6858795520431453
0.99462891 0.6858867075242575
0.99511719 0.6858932822705472
0.99560547 0.6858992649668447
0.99609375 0.6859046453773903
0.99658203 0.6859094143452338
0.99707031 0.6859135637918523
0.99755859 0.6859170867166764
0.99804688 0.6859199771967383
0.99853516 0.6859222303863739
0.99902344 0.6859238425167759
0.99951172 0.68592481089422
1.0 0.685925133880496