x_1 rho
0.0 0.3009563296204669
0.00048828 0.3009568444923961
0.00097656 0.300958389065766
0.00146484 0.3009609634059223
0.00195312 0.3009645674940613
0.00244141 0.3009692014178481
0.00292969 0.30097486518282957
0.00341797 0.3009815588984862
0.00390625 0.3009892825954755
0.00439453 0.30099803640471956
0.00488281 0.3010078203827469
0.00537109 0.301018634681698
0.00585938 0.30103047938471544
0.00634766 0.3010433546651004
0.00683594 0.3010572606333224
0.00732422 0.3010721974839615
0.0078125 0.30108816535548993
0.00830078 0.3011051644640639
0.00878906 0.3011231949767964
0.00927734 0.301142257131894
0.00976562 0.3011623511257161
0.01025391 0.30118347721916233
0.01074219 0.3012056356384219
0.01123047 0.30122882666788675
0.01171875 0.30125305056415097
0.01220703 0.3012783076360389
0.01269531 0.30130459817113253
0.01318359 0.30133192250375274
0.01367188 0.3013602809530763
0.01416016 0.3013896738800933
0.01464844 0.3014201016362233
0.01513672 0.30145156461038747
0.015625 0.301484063186954
0.01611328 0.30151759778411324
0.01660156 0.3015521688199575
0.01708984 0.30158777674334786
0.01757812 0.3016244220069575
0.01806641 0.3016621050917735
0.01855469 0.301700826485996
0.01904297 0.3017405867042394
0.01953125 0.3017813862712726
0.02001953 0.30182322573688036
0.02050781 0.3018661056635392
0.02099609 0.3019100266377878
0.02148438 0.3019549892610485
0.02197266 0.3020009941582365
0.02246094 0.30204804197105567
0.02294922 0.3020961333644614
0.0234375 0.30214526902187144
0.02392578 0.3021954496499873
0.02441406 0.30224667597546595
0.02490234 0.30229894874850716
0.02539062 0.3023522687406225
0.02587891 0.3024066367473105
0.02636719 0.3024620535866389
0.02685547 0.30251852010125824
0.02734375 0.30257603715757714
0.02783203 0.3026346056473055
0.02832031 0.302694226487058
0.02880859 0.3027549006195691
0.02929688 0.3028166290136019
0.02978516 0.30287941266493995
0.03027344 0.3029432525965128
0.03076172 0.30300814985923913
0.03125 0.3030741055323058
0.03173828 0.3031411207239161
0.03222656 0.30320919657167666
0.03271484 0.30327833424328876
0.03320312 0.3033485349370122
0.03369141 0.3034197998823245
0.03417969 0.30349213034044137
0.03466797 0.3035655276049609
0.03515625 0.30363999300242606
0.03564453 0.3037155278929658
0.03613281 0.3037921336708902
0.03662109 0.3038698117653361
0.03710938 0.3039485636408883
0.03759766 0.30402839079823485
0.03808594 0.30410929477481086
0.03857422 0.3041912771454658
0.0390625 0.304274339523128
0.03955078 0.3043584835594856
0.04003906 0.30444371094567024
0.04052734 0.3045300234129533
0.04101562 0.30461742273344705
0.04150391 0.3047059107208173
0.04199219 0.30479548923100197
0.04248047 0.3048861601629397
0.04296875 0.304977925459306
0.04345703 0.3050707871072585
0.04394531 0.3051647471391893
0.04443359 0.3052598076334879
0.04492188 0.3053559707153104
0.04541016 0.3054532385573584
0.04589844 0.3055516133806662
0.04638672 0.3056510974553961
0.046875 0.3057516931016422
0.04736328 0.30585340269024336
0.04785156 0.3059562286436037
0.04833984 0.30606017343652225
0.04882812 0.30616523959703124
0.04931641 0.3062714297072421
0.04980469 0.3063787464042009
0.05029297 0.3064871923807523
0.05078125 0.3065967703864112
0.05126953 0.3067074832282446
0.05175781 0.30681933377176007
0.05224609 0.3069323249418051
0.05273438 0.30704645972347333
0.05322266 0.3071617411630204
0.05371094 0.3072781723687886
0.05419922 0.30739575651213974
0.0546875 0.3075144968283974
0.05517578 0.3076343966177976
0.05566406 0.30775545924644887
0.05615234 0.30787768814730043
0.05664062 0.30800108682112004
0.05712891 0.3081256588374808
0.05761719 0.30825140783575616
0.05810547 0.3083783375261252
0.05859375 0.30850645169058594
0.05908203 0.3086357541839788
0.05957031 0.30876624893501803
0.06005859 0.3088979399473339
0.06054688 0.3090308313005228
0.06103516 0.3091649271512076
0.06152344 0.3093002317341071
0.06201172 0.30943674936311494
0.0625 0.309574484432388
0.06298828 0.3097134414174445
0.06347656 0.309853624876272
0.06396484 0.30999503945044427
0.06445312 0.31013768986624896
0.06494141 0.3102815809358247
0.06542969 0.3104267175583078
0.06591797 0.31057310472098953
0.06640625 0.3107207475004832
0.06689453 0.3108696510639011
0.06738281 0.3110198206700424
0.06787109 0.31117126167059117
0.06835938 0.31132397951132373
0.06884766 0.31147797973332836
0.06933594 0.31163326797423424
0.06982422 0.3117898499694517
0.0703125 0.3119477315534225
0.07080078 0.3121069186608827
0.07128906 0.312267417328134
0.07177734 0.31242923369432907
0.07226562 0.3125923740027654
0.07275391 0.3127568446021925
0.07324219 0.31292265194812946
0.07373047 0.3130898026041945
0.07421875 0.31325830324344583
0.07470703 0.3134281606497354
0.07519531 0.31359938171907276
0.07568359 0.31377197346100294
0.07617188 0.3139459429999951
0.07666016 0.3141212975768448
0.07714844 0.31429804455008736
0.07763672 0.31447619139742505
0.078125 0.3146557457171669
0.07861328 0.3148367152296808
0.07910156 0.3150191077788596
0.07958984 0.3152029313335999
0.08007812 0.31538819398929463
0.08056641 0.3155749039693392
0.08105469 0.315763069626651
0.08154297 0.31595269944520427
0.08203125 0.31614380204157727
0.08251953 0.3163363861665153
0.08300781 0.3165304607065077
0.08349609 0.31672603468537963
0.08398438 0.31692311726589883
0.08447266 0.31712171775139786
0.08496094 0.3173218455874114
0.08544922 0.3175235103633294
0.0859375 0.3177267218140657
0.08642578 0.3179314898217434
0.08691406 0.3181378244173959
0.08740234 0.3183457357826851
0.08789062 0.3185552342516354
0.08837891 0.3187663303123863
0.08886719 0.3189790346089609
0.08935547 0.3191933579430525
0.08984375 0.3194093112758294
0.09033203 0.31962690572975727
0.09082031 0.31984615259044064
0.09130859 0.32006706330848167
0.09179688 0.3202896495013602
0.09228516 0.3205139229553303
0.09277344 0.32073989562733934
0.09326172 0.32096757964696454
0.09375 0.3211969873183713
0.09423828 0.32142813112229135
0.09472656 0.32166102371802213
0.09521484 0.3218956779454475
0.09570312 0.3221321068270794
0.09619141 0.32237032357012274
0.09667969 0.32261034156856117
0.09716797 0.3228521744052667
0.09765625 0.32309583585413193
0.09814453 0.3233413398822254
0.09863281 0.3235887006519718
0.09912109 0.32383793252335547
0.09960938 0.32408905005614924
0.10009766 0.32434206801216825
0.10058594 0.3245970013575491
0.10107422 0.32485386526505516
0.1015625 0.32511267511640884
0.10205078 0.3253734465046496
0.10253906 0.32563619523652076
0.10302734 0.32590093733488323
0.10351562 0.32616768904115756
0.10400391 0.326436466817796
0.10449219 0.32670728735078214
0.10498047 0.3269801675521625
0.10546875 0.32725512456260686
0.10595703 0.3275321757540001
0.10644531 0.3278113387320663
0.10693359 0.32809263133902417
0.10742188 0.32837607165627514
0.10791016 0.3286616780071253
0.10839844 0.3289494689595408
0.10888672 0.3292394633289377
0.109375 0.32953168018100726
0.10986328 0.3298261388345771
0.11035156 0.330122858864508
0.11083984 0.3304218601046288
0.11132812 0.3307231626507085
0.11181641 0.33102678686346687
0.11230469 0.3313327533716246
0.11279297 0.33164108307499274
0.11328125 0.33195179714760337
0.11376953 0.33226491704088157
0.11425781 0.3325804644868593
0.11474609 0.33289846150143226
0.11523438 0.33321893038766104
0.11572266 0.3335418937391161
0.11621094 0.3338673744432688
0.11669922 0.33419539568492834
0.1171875 0.3345259809497257
0.11767578 0.33485915402764643
0.11816406 0.33519493901661096
0.11865234 0.33553336032610637
0.11914062 0.3358744426808676
0.11962891 0.33621821112461137
0.12011719 0.33656469102382214
0.12060547 0.3369139080715925
0.12109375 0.3372658882915175
0.12158203 0.3376206580416457
0.12207031 0.3379782440184864
0.12255859 0.3383386732610748
0.12304688 0.3387019731550973
0.12353516 0.339068171437075
0.12402344 0.33943729619861085
0.12451172 0.33980937589069743
0.125 0.34018443932808967
0.12548828 0.3405625156937418
0.12597656 0.34094363454331095
0.12646484 0.3413278258097282
0.12695312 0.34171511980783786
0.12744141 0.3421055472391078
0.12792969 0.3424991391964104
0.12841797 0.34289592716887696
0.12890625 0.3432959430468258
0.12939453 0.3436992191267668
0.12988281 0.34410578811648285
0.13037109 0.3445156831401891
0.13085938 0.3449289377437741
0.13134766 0.3453455859001215
0.13183594 0.34576566201451575
0.13232422 0.3461892009301321
0.1328125 0.3466162379336146
0.13330078 0.3470468087607411
0.13378906 0.3474809496021789
0.13427734 0.3479186971093331
0.13476562 0.3483600884002874
0.13525391 0.34880516106584114
0.13574219 0.3492539531756437
0.13623047 0.34970650328442876
0.13671875 0.3501628504383486
0.13720703 0.35062303418141344
0.13769531 0.3510870945620346
0.13818359 0.3515550721396767
0.13867188 0.352027007991618
0.13916016 0.35250294371982394
0.13964844 0.35298292145793364
0.14013672 0.3534669838783634
0.140625 0.3539551741995286
0.14111328 0.3544475361931868
0.14160156 0.35494411419190436
0.14208984 0.3554449530966485
0.14257812 0.35595009838450853
0.14306641 0.35645959611654765
0.14355469 0.35697349294578884
0.14404297 0.35749183612533697
0.14453125 0.3580146735166398
0.14501953 0.3585420535978915
0.14550781 0.3590740254725807
0.14599609 0.35961063887818656
0.14648438 0.3601519441950251
0.14697266 0.3606979924552507
0.14746094 0.3612488353520123
0.14794922 0.3618045252487728
0.1484375 0.36236511518878944
0.14892578 0.3629306589047624
0.14941406 0.36350121082865283
0.14990234 0.3640768261016759
0.15039062 0.3646575605844694
0.15087891 0.3652434708674449
0.15136719 0.3658346142813229
0.15185547 0.3664310489078566
0.15234375 0.3670328335907479
0.15283203 0.36764002794676043
0.15332031 0.36825269237703284
0.15380859 0.3688708880785958
0.15429688 0.36949467705609984
0.15478516 0.3701241221337547
0.15527344 0.37075928696748717
0.15576172 0.37140023605732175
0.15625 0.37204703475998696
0.15673828 0.37269974930175453
0.15722656 0.37335844679151475
0.15771484 0.37402319523409305
0.15820312 0.3746940635438142
0.15869141 0.37537112155831714
0.15917969 0.3760544400526281
0.15966797 0.3767440907534958
0.16015625 0.3774401463539949
0.16064453 0.37814268052840394
0.16113281 0.37885176794736186
0.16162109 0.37956748429331205
0.16210938 0.3802899062762365
0.16259766 0.38101911164968894
0.16308594 0.38175517922713276
0.16357422 0.3824981888985894
0.1640625 0.3832482216476045
0.16455078 0.38400535956853926
0.16503906 0.38476968588419264
0.16552734 0.38554128496376283
0.16601562 0.38632024234115503
0.16650391 0.38710664473364254
0.16699219 0.3879005800608889
0.16748047 0.3887021374643406
0.16796875 0.3895114073269954
0.16845703 0.3903284812935575
0.16894531 0.3911534522909862
0.16943359 0.3919864145494471
0.16992188 0.39282746362367577
0.17041016 0.39367669641476055
0.17089844 0.39453421119235677
0.17138672 0.3954001076173391
0.171875 0.39627448676490457
0.17236328 0.39715745114813306
0.17285156 0.3980491047420186
0.17333984 0.3989495530079798
0.17382812 0.399858902918861
0.17431641 0.40077726298443506
0.17480469 0.4017047432774188
0.17529297 0.4026414554600133
0.17578125 0.4035875128109793
0.17626953 0.4045430302532625
0.17675781 0.4055081243821774
0.17724609 0.40648291349416693
0.17773438 0.40746751761614586
0.17822266 0.40846205853544615
0.17871094 0.4094666598303744
0.17919922 0.41048144690139704
0.1796875 0.4115065470029672
0.18017578 0.412542089276008
0.18066406 0.41358820478106734
0.18115234 0.41464502653216007
0.18164062 0.41571268953131196
0.18212891 0.41679133080382386
0.18261719 0.4178810894342706
0.18310547 0.4189821066032534
0.18359375 0.42009452562492217
0.18408203 0.4212184919852856
0.18457031 0.42235415338132865
0.18505859 0.4235016597609547
0.18554688 0.4246611633637729
0.18603516 0.42583281876275003
0.18652344 0.42701678290674683
0.18701172 0.4282132151639608
0.1875 0.4294222773662959
0.18798828 0.4306441338546806
0.18847656 0.43187895152535866
0.18896484 0.4331268998771737
0.18945312 0.43438815105987205
0.18994141 0.4356628799234491
0.19042969 0.4369512640685618
0.19091797 0.43825348389803487
0.19140625 0.43956972266948635
0.19189453 0.44090016654909897
0.19238281 0.4422450046665648
0.19287109 0.4436044291712329
0.19335938 0.44497863528948683
0.19384766 0.4463678213833836
0.19433594 0.4477721890105838
0.19482422 0.4491919429856047
0.1953125 0.45062729144242764
0.19580078 0.4520784458984939
0.19628906 0.4535456213201223
0.19677734 0.4550290361893836
0.19726562 0.4565289125724664
0.19775391 0.45804547618957314
0.19824219 0.4595789564863822
0.19873047 0.4611295867071149
0.19921875 0.46269760396924764
0.19970703 0.46428324933991016
0.20019531 0.4658867679140091
0.20068359 0.4675084088941244
0.20117188 0.4691484256722172
0.20166016 0.4708070759131988
0.20214844 0.4724846216404043
0.20263672 0.4741813293230198
0.203125 0.47589746996551163
0.20361328 0.47763331919910756
0.20410156 0.47938915737538235
0.20458984 0.48116526966199913
0.20507812 0.482961946140662
0.20556641 0.48477948190733566
0.20605469 0.48661817717478795
0.20654297 0.4884783373775157
0.20703125 0.49036027327911336
0.20751953 0.4922643010821458
0.20800781 0.4941907425405906
0.20849609 0.49613992507491267
0.20898438 0.4981121818898405
0.20947266 0.5001078520949123
0.20996094 0.5021272808278598
0.21044922 0.5041708193809087
0.2109375 0.5062388253300625
0.21142578 0.5083316626674517
0.21191406 0.5104497019368253
0.21240234 0.5125933203722646
0.21289062 0.5147629020402018
0.21337891 0.51695883798483
0.21386719 0.5191815263769897
0.21435547 0.5214313726666235
0.21484375 0.5237087897388889
0.21533203 0.5260141980740245
0.21582031 0.5283480259110664
0.21630859 0.5307107094155141
0.21679688 0.5331026928510476
0.21728516 0.5355244287554005
0.21777344 0.5379763781204976
0.21826172 0.5404590105769643
0.21875 0.542972804583125
0.21923828 0.5455182476186029
0.21972656 0.5480958363826423
0.22021484 0.5507060769972749
0.22070312 0.553349485215457
0.22119141 0.5560265866343015
0.22167969 0.5587379169135431
0.22216797 0.5614840219993672
0.22265625 0.5642654583537415
0.22314453 0.567082793189396
0.22363281 0.5699366047105919
0.22412109 0.5728274823598334
0.22460938 0.5757560270706731
0.22509766 0.5787228515267682
0.22558594 0.5817285804273489
0.22607422 0.5847738507592634
0.2265625 0.5878593120757678
0.22705078 0.5909856267822348
0.22753906 0.5941534704289565
0.22802734 0.5973635320112244
0.22851562 0.6006165142768698
0.22900391 0.603913134041457
0.22949219 0.6072541225113193
0.22998047 0.6106402256146413
0.23046875 0.6140722043407865
0.23095703 0.6175508350880795
0.23144531 0.6210769100202533
0.23193359 0.6246512374317812
0.23242188 0.6282746421223107
0.23291016 0.6319479657804277
0.23339844 0.6356720673769809
0.23388672 0.6394478235682006
0.234375 0.6432761291088525
0.23486328 0.6471578972756702
0.23535156 0.6510940603013153
0.23583984 0.6550855698191175
0.23632812 0.6591333973188551
0.23681641 0.6632385346138344
0.23730469 0.6674019943195366
0.23779297 0.6716248103441029
0.23828125 0.6759080383909308
0.23876953 0.6802527564736627
0.23925781 0.6846600654438451
0.23974609 0.6891310895315488
0.24023438 0.6936669768992352
0.24072266 0.6982689002091627
0.24121094 0.7029380572046275
0.24169922 0.7076756713053369
0.2421875 0.7124829922172113
0.24267578 0.7173612965569202
0.24316406 0.7223118884914497
0.24365234 0.7273361003930079
0.24414062 0.7324352935095679
0.24462891 0.7376108586513535
0.24511719 0.7428642168935657
0.24560547 0.7481968202956522
0.24609375 0.753610152637413
0.24658203 0.7591057301722404
0.24707031 0.7646851023977743
0.24755859 0.7703498528442612
0.24804688 0.7761015998808918
0.24853516 0.7819419975403835
0.24902344 0.7878727363620677
0.24951172 0.7938955442537283
0.25 0.8000121873724296
0.25048828 0.8062244710245512
0.25097656 0.8125342405852378
0.25146484 0.8189433824374484
0.25195312 0.8254538249307758
0.25244141 0.8320675393601751
0.25292969 0.8387865409647256
0.25341797 0.8456128899465141
0.25390625 0.8525486925096997
0.25439453 0.8595961019197902
0.25488281 0.866757319583113
0.25537109 0.8740345961464332
0.25585938 0.8814302326166185
0.25634766 0.8889465815002044
0.25683594 0.8965860479626602
0.25732422 0.9043510910070931
0.2578125 0.9122442246720694
0.25830078 0.9202680192481567
0.25878906 0.9284251025127179
0.25927734 0.936718160982406
0.25976562 0.9451499411827184
0.26025391 0.9537232509338702
0.26074219 0.9624409606521489
0.26123047 0.9713060046657908
0.26171875 0.9803213825443065
0.26220703 0.9894901604400426
0.26269531 0.9988154724406335
0.26318359 1.0083005219308383
0.26367188 1.0179485829620978
0.26416016 1.027763001627968
0.26464844 1.0377471974433992
0.26513672 1.0479046647256238
0.265625 1.0582389739742029
0.26611328 1.0687537732475407
0.26660156 1.0794527895329395
0.26708984 1.090339830106981
0.26757812 1.1014187838827563
0.26806641 1.1126936227401445
0.26855469 1.1241684028350263
0.26904297 1.1358472658829641
0.26953125 1.1477344404125198
0.27001953 1.1598342429829747
0.27050781 1.172151079360818
0.27099609 1.1846894456489054
0.27148438 1.1974539293617361
0.27197266 1.2104492104397835
0.27246094 1.2236800621952961
0.27294922 1.2371513521814186
0.2734375 1.2508680429758958
0.27392578 1.264835192869998
0.27441406 1.27905795645264
0.27490234 1.2935415850789886
0.27539062 1.308291427212106
0.27587891 1.3233129286254228
0.27636719 1.338611632453032
0.27685547 1.3541931790739419
0.27734375 1.370063305815568
0.27783203 1.3862278464607998
0.27832031 1.4026927305420562
0.27880859 1.41946398240472
0.27929688 1.4365477200213341
0.27978516 1.4539501535368746
0.28027344 1.4716775835243048
0.28076172 1.489736398928507
0.28125 1.5081330746755124
0.28173828 1.5268741689227805
0.28222656 1.5459663199250595
0.28271484 1.5654162424891624
0.28320312 1.5852307239897345
0.28369141 1.6054166199168816
0.28417969 1.6259808489252772
0.28466797 1.646930387353161
0.28515625 1.6682722631784572
0.28564453 1.6900135493780897
0.28613281 1.7121613566555292
0.28662109 1.7347228255002634
0.28710938 1.7577051175416556
0.28759766 1.7811154061604813
0.28808594 1.8049608663187793
0.28857422 1.8292486635686678
0.2890625 1.8539859422004485
0.28955078 1.8791798124900192
0.29003906 1.904837337005563
0.29052734 1.9309655159336878
0.29101562 1.9575712713856999
0.29150391 1.9846614306454835
0.29199219 2.0122427083216463
0.29248047 2.040321687368132
0.29296875 2.068904798939511
0.29345703 2.097998301049603
0.29394531 2.1276082560050913
0.29443359 2.157740506589305
0.29492188 2.1884006509755083
0.29541016 2.2195940163537977
0.29589844 2.251325631261185
0.29638672 2.283600196610604
0.296875 2.316422055421512
0.29736328 2.3497951612624375
0.29785156 2.3837230454243
0.29833984 2.4182087828525822
0.29882812 2.453254956876488
0.29931641 2.4888636227839984
0.29980469 2.525036270303281
0.30029297 2.561773785063023
0.30078125 2.599076409117016
0.30126953 2.636943700631451
0.30175781 2.67537449284678
0.30224609 2.7143668524395173
0.30273438 2.753918037422628
0.30322266 2.794024454735922
0.30371094 2.834681617689848
0.30419922 2.875884103436598
0.3046875 2.9176255106512157
0.30517578 2.9598984176115826
0.30566406 3.002694340869134
0.30615234 3.046003694700995
0.30664062 3.089815751527918
0.30712891 3.134118603469705
0.30761719 3.1788991251894596
0.30810547 3.2241429381482094
0.30859375 3.2698343763505258
0.30908203 3.3159564536074138
0.30957031 3.3624908322724893
0.31005859 3.409417793318405
0.31054688 3.4567162075091495
0.31103516 3.5043635072862864
0.31152344 3.5523356588188215
0.31201172 3.6006071334616347
0.3125 3.649150877620052
0.31298828 3.6979382797205864
0.31347656 3.7469391326314136
0.31396484 3.7961215894503937
0.31445312 3.8454521100713785
0.31494141 3.8948953953367216
0.31542969 3.9444143048688334
0.31591797 3.9939697538267693
0.31640625 4.043520582832434
0.31689453 4.093023394129286
0.31738281 4.142432345644359
0.31787109 4.191698892988856
0.31835938 4.240771467516495
0.31884766 4.289595076322982
0.31933594 4.3381108074740045
0.31982422 4.386255220755065
0.3203125 4.433959600812724
0.32080078 4.481149045687662
0.32128906 4.527741359435299
0.32177734 4.57364571284549
0.32226562 4.61876103133535
0.32275391 4.662974064134588
0.32324219 4.706157084309451
0.32373047 4.74816516561523
0.32421875 4.7888329805997945
0.32470703 4.827971066241455
0.32519531 4.865361510762565
0.32568359 4.900753031010993
0.32617188 4.933855437873591
0.32666016 4.964333532731501
0.32714844 4.991800547454218
0.32763672 5.015811341507798
0.328125 5.0358557106788915
0.32861328 5.051352350219661
0.32910156 5.061644255183735
0.32958984 5.065996629222614
0.33007812 5.063598693427929
0.33056641 5.053571100566442
0.33105469 5.0349808984600015
0.33154297 5.006866043636504
0.33203125 4.968271201661646
0.33251953 4.918295824811805
0.33300781 4.856154136098882
0.33349609 4.781244630283943
0.33398438 4.693224168818176
0.33447266 4.59207909529742
0.33496094 4.478183695958042
0.33544922 4.352335593867139
0.3359375 4.2157590104030875
0.33642578 4.070070524666854
0.33691406 3.9172075636753005
0.33740234 3.759326170387859
0.33789062 3.598679999823752
0.33837891 3.4374955068888804
0.33886719 3.2778581487569554
0.33935547 3.1216213569000697
0.33984375 2.970345107311684
0.34033203 2.8252655679680836
0.34082031 2.687292797665682
0.34130859 2.5570305541146494
0.34179688 2.434811086674233
0.34228516 2.320738034457343
0.34277344 2.21473170560924
0.34326172 2.116572559221087
0.34375 2.0259402522007433
0.34423828 1.9424469153786443
0.34472656 1.8656642928618803
0.34521484 1.7951450189584888
0.34570312 1.73043867179183
0.34619141 1.6711034032244794
0.34667969 1.6167139688579235
0.34716797 1.5668669252607212
0.34765625 1.5211836644906893
0.34814453 1.479311844928977
0.34863281 1.4409256689702172
0.34912109 1.4057253605156381
0.34960938 1.3734361120542535
0.35009766 1.3438067029394518
0.35058594 1.3166079361884004
0.35107422 1.291630998921742
0.3515625 1.268685819385563
0.35205078 1.2475994694060513
0.35253906 1.2282146433938887
0.35302734 1.21038823218774
0.35351562 1.1939900009226998
0.35400391 1.178901373793415
0.35449219 1.1650143243238746
0.35498047 1.1522303669984348
0.35546875 1.1404596444296127
0.35595703 1.129620103322142
0.35644531 1.119636752106673
0.35693359 1.1104409930895138
0.35742188 1.1019700221734035
0.35791016 1.0941662895598596
0.35839844 1.0869770152836504
0.35888672 1.0803537539107826
0.359375 1.074252003223503
0.35986328 1.0686308521995114
0.36035156 1.0634526640553408
0.36083984 1.058682790558393
0.36132812 1.054289314214393
0.36181641 1.050242815305773
0.36230469 1.0465161610916676
0.36279297 1.0430843147833264
0.36328125 1.039924162181409
0.36376953 1.0370143541063421
0.36425781 1.0343351629719608
0.36474609 1.0318683520485892
0.36523438 1.0295970561369048
0.36572266 1.0275056725307667
0.36621094 1.0255797612877013
0.36669922 1.0238059539520068
0.3671875 1.0221718699890552
0.36767578 1.0206660402918977
0.36816406 1.0192778372137372
0.36865234 1.0179974106631096
0.36914062 1.0168156298729771
0.36962891 1.0157240305203445
0.37011719 1.0147147669287135
0.37060547 1.0137805691305535
0.37109375 1.0129147045989915
0.37158203 1.0121109444748748
0.37207031 1.0113635341141745
0.37255859 1.010667167758561
0.37304688 1.0100169670859964
0.37353516 1.009408463326573
0.37402344 1.0088375825313929
0.37451172 1.0083006334616789
0.375 1.0077942974278566
0.37548828 1.0073156192651407
0.37597656 1.0068619984994163
0.37646484 1.0064311796561096
0.37695312 1.006021240619646
0.37744141 1.0056305779872792
0.37792969 1.0052578884996053
0.37841797 1.0049021458832224
0.37890625 1.0045625728064764
0.37939453 1.004238608105912
0.37988281 1.0039298699481436
0.38037109 1.0036361160912493
0.38085938 1.0033572028339939
0.38134766 1.0030930445247408
0.38183594 1.0028435755944143
0.38232422 1.0026087169558182
0.3828125 1.0023883482851077
0.38330078 1.0021822872135604
0.38378906 1.0019902758777601
0.38427734 1.001811974684466
0.38476562 1.0016469626196605
0.38525391 1.0014947430289334
0.38574219 1.001354753551839
0.38623047 1.0012263788112028
0.38671875 1.001108964520666
0.38720703 1.0010018318445373
0.38769531 1.0009042910809915
0.38818359 1.0008156540018427
0.38867188 1.00073524443576
0.38916016 1.0006624069034986
0.38964844 1.000596513290553
0.39013672 1.0005369676708415
0.390625 1.0004832094774558
0.39111328 1.000434715260031
0.39160156 1.0003909992816855
0.39208984 1.000351613200348
0.39257812 1.000316145057632
0.39306641 1.0002842177694065
0.39355469 1.0002554872805614
0.39404297 1.0002296405155158
0.39453125 1.0002063932274998
0.39501953 1.000185487824857
0.39550781 1.000166691231667
0.39599609 1.0001497928229823
0.39648438 1.0001346024614817
0.39697266 1.0001209486518796
0.39746094 1.0001086768216332
0.39794922 1.0000976477306833
0.3984375 1.0000877360088913
0.39892578 1.0000788288170455
0.39941406 1.0000708246254375
0.39990234 1.000063632102984
0.40039062 1.0000571691092444
0.40087891 1.0000513617815545
0.40136719 1.0000461437095545
0.40185547 1.000041455189662
0.40234375 1.0000372425524164
0.40283203 1.0000334575560297
0.40332031 1.000030056840009
0.40380859 1.0000270014331132
0.40429688 1.00002425631045
0.40478516 1.000021789994912
0.40527344 1.0000195741986222
0.40576172 1.0000175835004366
0.40625 1.000015795055918
0.40673828 1.000014188336554
0.40722656 1.0000127448952973
0.40771484 1.0000114481557787
0.40820312 1.0000102832228306
0.40869141 1.0000092367121627
0.40917969 1.0000082965972683
0.40966797 1.0000074520718236
0.41015625 1.0000066934260148
0.41064453 1.0000060119353795
0.41113281 1.0000053997609157
0.41162109 1.0000048498592913
0.41210938 1.0000043559021703
0.41259766 1.000003912203688
0.41308594 1.000003513655295
0.41357422 1.0000031556671933
0.4140625 1.000002834115704
0.41455078 1.0000025452959855
0.41503906 1.0000022858795234
0.41552734 1.0000020528759475
0.41601562 1.0000018435987093
0.41650391 1.0000016556342488
0.41699219 1.000001486814274
0.41748047 1.0000013351908692
0.41796875 1.0000011990141142
0.41845703 1.0000010767119822
0.41894531 1.0000009668722694
0.41943359 1.0000008682263655
0.41992188 1.0000007796346684
0.42041016 1.0000007000734752
0.42089844 1.0000006286232082
0.42138672 1.0000005644578374
0.421875 1.0000005068353683
0.42236328 1.0000004550893062
0.42285156 1.0000004086209793
0.42333984 1.000000366892642
0.42382812 1.0000003294212876
0.42431641 1.0000002957730743
0.42480469 1.0000002655583295
0.42529297 1.000000238427059
0.42578125 1.0000002140649076
0.42626953 1.0000001921895356
0.42675781 1.0000001725473608
0.42724609 1.000000154910634
0.42773438 1.000000139074809
0.42822266 1.000000124856178
0.42871094 1.00000011208976
0.42919922 1.0000001006273798
0.4296875 1.0000000903359736
0.43017578 1.0000000810960343
0.43066406 1.0000000728002456
0.43115234 1.0000000653522283
0.43164062 1.0000000586654338
0.43212891 1.0000000526621395
0.43261719 1.0000000472725517
0.43310547 1.000000042433994
0.43359375 1.000000038090187
0.43408203 1.0000000341905926
0.43457031 1.000000030689829
0.43505859 1.000000027547146
0.43554688 1.0000000247259544
0.43603516 1.0000000221933996
0.43652344 1.0000000199199799
0.43701172 1.0000000178792066
0.4375 1.0000000160472977
0.43798828 1.0000000144028955
0.43847656 1.0000000129268298
0.43896484 1.0000000116018826
0.43945312 1.0000000104125992
0.43994141 1.0000000093451047
0.44042969 1.000000008386936
0.44091797 1.0000000075269102
0.44140625 1.0000000067549855
0.44189453 1.000000006062142
0.44238281 1.0000000054402909
0.44287109 1.0000000048821633
0.44335938 1.0000000043812358
0.44384766 1.0000000039316528
0.44433594 1.000000003528155
0.44482422 1.000000003166025
0.4453125 1.0000000028410252
0.44580078 1.0000000025493532
0.44628906 1.0000000022875928
0.44677734 1.0000000020526798
0.44726562 1.0000000018418667
0.44775391 1.0000000016526807
0.44824219 1.0000000014829062
0.44873047 1.0000000013305532
0.44921875 1.0000000011938366
0.44970703 1.0000000010711523
0.45019531 1.0000000009610621
0.45068359 1.0000000008622747
0.45117188 1.000000000773629
0.45166016 1.000000000694088
0.45214844 1.0000000006227157
0.45263672 1.000000000558674
0.453125 1.000000000501211
0.45361328 1.000000000449652
0.45410156 1.000000000403391
0.45458984 1.000000000361884
0.45507812 1.0000000003246425
0.45556641 1.0000000002912302
0.45605469 1.0000000002612508
0.45654297 1.0000000002343552
0.45703125 1.000000000210225
0.45751953 1.0000000001885763
0.45800781 1.0000000001691545
0.45849609 1.00000000015173
0.45898438 1.0000000001360987
0.45947266 1.0000000001220757
0.45996094 1.0000000001094955
0.46044922 1.0000000000982108
0.4609375 1.000000000088086
0.46142578 1.0000000000790061
0.46191406 1.0000000000708593
0.46240234 1.0000000000635514
0.46289062 1.0000000000569975
0.46337891 1.0000000000511169
0.46386719 1.0000000000458429
0.46435547 1.0000000000411124
0.46484375 1.0000000000368694
0.46533203 1.0000000000330636
0.46582031 1.0000000000296505
0.46630859 1.0000000000265887
0.46679688 1.000000000023842
0.46728516 1.00000000002138
0.46777344 1.0000000000191716
0.46826172 1.0000000000171896
0.46875 1.0000000000154134
0.46923828 1.0000000000138212
0.46972656 1.0000000000123919
0.47021484 1.0000000000111107
0.47070312 1.0000000000099605
0.47119141 1.000000000008931
0.47167969 1.0000000000080072
0.47216797 1.0000000000071783
0.47265625 1.0000000000064353
0.47314453 1.0000000000057683
0.47363281 1.0000000000051714
0.47412109 1.000000000004635
0.47460938 1.0000000000041553
0.47509766 1.000000000003725
0.47558594 1.0000000000033389
0.47607422 1.0000000000029925
0.4765625 1.0000000000026823
0.47705078 1.0000000000024036
0.47753906 1.0000000000021538
0.47802734 1.0000000000019307
0.47851562 1.0000000000017297
0.47900391 1.00000000000155
0.47949219 1.0000000000013887
0.47998047 1.0000000000012448
0.48046875 1.0000000000011147
0.48095703 1.0000000000009983
0.48144531 1.0000000000008948
0.48193359 1.0000000000008011
0.48242188 1.0000000000007185
0.48291016 1.0000000000006426
0.48339844 1.000000000000575
0.48388672 1.0000000000005156
0.484375 1.0000000000004619
0.48486328 1.0000000000004128
0.48535156 1.0000000000003695
0.48583984 1.000000000000331
0.48632812 1.0000000000002967
0.48681641 1.0000000000002645
0.48730469 1.0000000000002371
0.48779297 1.0000000000002118
0.48828125 1.0000000000001896
0.48876953 1.0000000000001699
0.48925781 1.0000000000001505
0.48974609 1.000000000000136
0.49023438 1.0000000000001203
0.49072266 1.0000000000001081
0.49121094 1.0000000000000961
0.49169922 1.0000000000000853
0.4921875 1.0000000000000764
0.49267578 1.0000000000000684
0.49316406 1.000000000000061
0.49365234 1.0000000000000533
0.49414062 1.000000000000048
0.49462891 1.0000000000000426
0.49511719 1.0000000000000373
0.49560547 1.000000000000033
0.49609375 1.0000000000000293
0.49658203 1.0000000000000258
0.49707031 1.0000000000000229
0.49755859 1.0000000000000202
0.49804688 1.0000000000000173
0.49853516 1.0000000000000149
0.49902344 1.0000000000000133
0.49951172 1.0000000000000115
0.5 1.0000000000000098
0.50048828 1.000000000000008
0.50097656 1.0000000000000069
0.50146484 1.0000000000000058
0.50195312 1.0000000000000047
0.50244141 1.000000000000004
0.50292969 1.0000000000000022
0.50341797 1.0000000000000027
0.50390625 1.0000000000000009
0.50439453 1.0000000000000009
0.50488281 1.0000000000000004
0.50537109 0.9999999999999996
0.50585938 0.9999999999999994
0.50634766 0.9999999999999986
0.50683594 0.9999999999999989
0.50732422 0.9999999999999987
0.5078125 0.9999999999999984
0.50830078 0.9999999999999973
0.50878906 0.9999999999999982
0.50927734 0.9999999999999973
0.50976562 0.9999999999999987
0.51025391 0.9999999999999967
0.51074219 0.9999999999999982
0.51123047 0.9999999999999956
0.51171875 0.9999999999999982
0.51220703 0.9999999999999969
0.51269531 0.9999999999999974
0.51318359 0.9999999999999962
0.51367188 0.9999999999999976
0.51416016 0.9999999999999973
0.51464844 0.9999999999999976
0.51513672 0.9999999999999962
0.515625 0.9999999999999967
0.51611328 0.999999999999998
0.51660156 0.9999999999999969
0.51708984 0.999999999999998
0.51757812 0.9999999999999972
0.51806641 0.9999999999999986
0.51855469 0.9999999999999978
0.51904297 0.9999999999999987
0.51953125 0.9999999999999973
0.52001953 0.9999999999999993
0.52050781 0.999999999999998
0.52099609 0.9999999999999996
0.52148438 0.9999999999999987
0.52197266 0.9999999999999987
0.52246094 1.000000000000002
0.52294922 0.9999999999999994
0.5234375 1.0000000000000004
0.52392578 1.0000000000000013
0.52441406 1.0000000000000022
0.52490234 1.0000000000000022
0.52539062 1.000000000000003
0.52587891 1.000000000000003
0.52636719 1.000000000000005
0.52685547 1.000000000000005
0.52734375 1.0000000000000062
0.52783203 1.000000000000007
0.52832031 1.0000000000000082
0.52880859 1.0000000000000089
0.52929688 1.0000000000000107
0.52978516 1.0000000000000109
0.53027344 1.0000000000000138
0.53076172 1.000000000000015
0.53125 1.000000000000016
0.53173828 1.0000000000000189
0.53222656 1.0000000000000204
0.53271484 1.0000000000000229
0.53320312 1.0000000000000253
0.53369141 1.0000000000000284
0.53417969 1.0000000000000313
0.53466797 1.0000000000000349
0.53515625 1.0000000000000375
0.53564453 1.0000000000000417
0.53613281 1.0000000000000457
0.53662109 1.0000000000000502
0.53710938 1.0000000000000555
0.53759766 1.0000000000000608
0.53808594 1.0000000000000662
0.53857422 1.0000000000000728
0.5390625 1.0000000000000808
0.53955078 1.000000000000088
0.54003906 1.0000000000000964
0.54052734 1.0000000000001066
0.54101562 1.0000000000001155
0.54150391 1.0000000000001261
0.54199219 1.0000000000001381
0.54248047 1.000000000000151
0.54296875 1.0000000000001639
0.54345703 1.0000000000001799
0.54394531 1.0000000000001956
0.54443359 1.0000000000002134
0.54492188 1.0000000000002331
0.54541016 1.0000000000002534
0.54589844 1.0000000000002771
0.54638672 1.000000000000302
0.546875 1.0000000000003282
0.54736328 1.000000000000359
0.54785156 1.0000000000003908
0.54833984 1.0000000000004245
0.54882812 1.0000000000004632
0.54931641 1.0000000000005043
0.54980469 1.0000000000005493
0.55029297 1.0000000000005973
0.55078125 1.000000000000651
0.55126953 1.000000000000707
0.55175781 1.00000000000077
0.55224609 1.000000000000837
0.55273438 1.0000000000009108
0.55322266 1.0000000000009903
0.55371094 1.000000000001077
0.55419922 1.0000000000011697
0.5546875 1.0000000000012719
0.55517578 1.000000000001383
0.55566406 1.0000000000015021
0.55615234 1.0000000000016325
0.55664062 1.0000000000017737
0.55712891 1.0000000000019258
0.55761719 1.000000000002092
0.55810547 1.0000000000022724
0.55859375 1.0000000000024674
0.55908203 1.0000000000026787
0.55957031 1.000000000002908
0.56005859 1.0000000000031566
0.56054688 1.0000000000034257
0.56103516 1.0000000000037184
0.56152344 1.0000000000040332
0.56201172 1.0000000000043765
0.5625 1.0000000000047473
0.56298828 1.0000000000051483
0.56347656 1.000000000005584
0.56396484 1.000000000006055
0.56445312 1.0000000000065645
0.56494141 1.000000000007117
0.56542969 1.0000000000077145
0.56591797 1.0000000000083609
0.56640625 1.0000000000090612
0.56689453 1.0000000000098188
0.56738281 1.0000000000106382
0.56787109 1.0000000000115237
0.56835938 1.0000000000124833
0.56884766 1.0000000000135185
0.56933594 1.0000000000146403
0.56982422 1.0000000000158518
0.5703125 1.0000000000171634
0.57080078 1.0000000000185785
0.57128906 1.0000000000201101
0.57177734 1.0000000000217648
0.57226562 1.0000000000235523
0.57275391 1.0000000000254836
0.57324219 1.0000000000275706
0.57373047 1.0000000000298246
0.57421875 1.000000000032259
0.57470703 1.000000000034888
0.57519531 1.0000000000377272
0.57568359 1.0000000000407911
0.57617188 1.0000000000440992
0.57666016 1.0000000000476712
0.57714844 1.000000000051525
0.57763672 1.0000000000556843
0.578125 1.0000000000601723
0.57861328 1.0000000000650142
0.57910156 1.0000000000702371
0.57958984 1.0000000000758709
0.58007812 1.0000000000819473
0.58056641 1.0000000000884985
0.58105469 1.0000000000955636
0.58154297 1.0000000001031797
0.58203125 1.0000000001113893
0.58251953 1.0000000001202385
0.58300781 1.0000000001297749
0.58349609 1.0000000001400517
0.58398438 1.0000000001511231
0.58447266 1.000000000163052
0.58496094 1.0000000001759006
0.58544922 1.000000000189739
0.5859375 1.000000000204642
0.58642578 1.0000000002206901
0.58691406 1.0000000002379685
0.58740234 1.0000000002565679
0.58789062 1.0000000002765896
0.58837891 1.0000000002981375
0.58886719 1.000000000321326
0.58935547 1.0000000003462786
0.58984375 1.0000000003731233
0.59033203 1.0000000004020009
0.59082031 1.000000000433063
0.59130859 1.0000000004664695
0.59179688 1.000000000502394
0.59228516 1.000000000541021
0.59277344 1.0000000005825482
0.59326172 1.0000000006271894
0.59375 1.000000000675172
0.59423828 1.0000000007267382
0.59472656 1.0000000007821503
0.59521484 1.0000000008416878
0.59570312 1.0000000009056507
0.59619141 1.0000000009743588
0.59667969 1.0000000010481553
0.59716797 1.000000001127407
0.59765625 1.0000000012125085
0.59814453 1.0000000013038788
0.59863281 1.000000001401969
0.59912109 1.0000000015072592
0.59960938 1.0000000016202648
0.60009766 1.000000001741538
0.60058594 1.0000000018716662
0.60107422 1.0000000020112796
0.6015625 1.0000000021610527
0.60205078 1.0000000023217022
0.60253906 1.0000000024940001
0.60302734 1.000000002678767
0.60351562 1.000000002876881
0.60400391 1.0000000030892828
0.60449219 1.0000000033169738
0.60498047 1.0000000035610244
0.60546875 1.0000000038225791
0.60595703 1.00000000410286
0.60644531 1.0000000044031703
0.60693359 1.0000000047249038
0.60742188 1.0000000050695452
0.60791016 1.0000000054386828
0.60839844 1.0000000058340084
0.60888672 1.0000000062573333
0.609375 1.0000000067105774
0.60986328 1.0000000071958017
0.61035156 1.0000000077151991
0.61083984 1.0000000082711087
0.61132812 1.0000000088660252
0.61181641 1.0000000095026111
0.61230469 1.0000000101836966
0.61279297 1.0000000109123113
0.61328125 1.0000000116916712
0.61376953 1.0000000125252155
0.61425781 1.0000000134165967
0.61474609 1.0000000143697192
0.61523438 1.0000000153887338
0.61572266 1.0000000164780622
0.61621094 1.000000017642416
0.61669922 1.0000000188868112
0.6171875 1.000000020216592
0.61767578 1.0000000216374403
0.61816406 1.0000000231554145
0.61865234 1.000000024776953
0.61914062 1.000000026508915
0.61962891 1.000000028358593
0.62011719 1.0000000303337493
0.62060547 1.000000032442644
0.62109375 1.0000000346940539
0.62158203 1.0000000370973243
0.62207031 1.0000000396623856
0.62255859 1.0000000423997952
0.62304688 1.000000045320787
0.62353516 1.0000000484372857
0.62402344 1.0000000517619818
0.62451172 1.00000005530835
0.625 1.0000000590907132
0.62548828 1.000000063124287
0.62597656 1.0000000674252332
0.62646484 1.0000000720107234
0.62695312 1.0000000768989863
0.62744141 1.000000082109383
0.62792969 1.0000000876624702
0.62841797 1.0000000935800668
0.62890625 1.0000000998853389
0.62939453 1.000000106602867
0.62988281 1.0000001137587398
0.63037109 1.000000121380635
0.63085938 1.0000001294979195
0.63134766 1.0000001381417438
0.63183594 1.0000001473451459
0.63232422 1.000000157143163
0.6328125 1.0000001675729497
0.63330078 1.0000001786738923
0.63378906 1.0000001904877505
0.63427734 1.0000002030587827
0.63476562 1.0000002164338937
0.63525391 1.0000002306627935
0.63574219 1.0000002457981423
0.63623047 1.0000002618957362
0.63671875 1.0000002790146723
0.63720703 1.0000002972175444
0.63769531 1.0000003165706357
0.63818359 1.0000003371441348
0.63867188 1.0000003590123434
0.63916016 1.000000382253921
0.63964844 1.0000004069521204
0.64013672 1.000000433195048
0.640625 1.0000004610759343
0.64111328 1.000000490693418
0.64160156 1.0000005221518478
0.64208984 1.0000005555615956
0.64257812 1.0000005910393934
0.64306641 1.0000006287086785
0.64355469 1.000000668699967
0.64404297 1.000000711151237
0.64453125 1.000000756208337
0.64501953 1.0000008040254182
0.64550781 1.0000008547653831
0.64599609 1.0000009086003563
0.64648438 1.0000009657121924
0.64697266 1.0000010262929884
0.64746094 1.0000010905456447
0.64794922 1.000001158684439
0.6484375 1.0000012309356352
0.64892578 1.0000013075381238
0.64941406 1.000001388744093
0.64990234 1.0000014748197317
0.65039062 1.000001566045971
0.65087891 1.0000016627192663
0.65136719 1.000001765152406
0.65185547 1.0000018736753753
0.65234375 1.0000019886362463
0.65283203 1.0000021104021324
0.65332031 1.000002239360172
0.65380859 1.0000023759185674
0.65429688 1.0000025205076735
0.65478516 1.0000026735811451
0.65527344 1.0000028356171278
0.65576172 1.0000030071195178
0.65625 1.0000031886192802
0.65673828 1.0000033806758222
0.65722656 1.0000035838784456
0.65771484 1.0000037988478605
0.65820312 1.0000040262377659
0.65869141 1.0000042667365228
0.65917969 1.0000045210688868
0.65966797 1.0000047899978344
0.66015625 1.0000050743264723
0.66064453 1.0000053749000322
0.66113281 1.00000569260797
0.66162109 1.0000060283861423
0.66210938 1.0000063832191084
0.66259766 1.000006758142519
0.66308594 1.0000071542456235
0.66357422 1.0000075726738946
0.6640625 1.0000080146317623
0.66455078 1.0000084813854841
0.66503906 1.0000089742661424
0.66552734 1.0000094946727693
0.66601562 1.0000100440756239
0.66650391 1.0000106240196085
0.66699219 1.000011236127841
0.66748047 1.0000118821053858
0.66796875 1.000012563743149
0.66845703 1.000013282921952
0.66894531 1.0000140416167698
0.66943359 1.000014841901176
0.66992188 1.0000156859519647
0.67041016 1.000016576053983
0.67089844 1.000017514605167
0.67138672 1.0000185041218053
0.671875 1.0000195472440172
0.67236328 1.0000206467414712
0.67285156 1.0000218055193526
0.67333984 1.0000230266245764
0.67382812 1.0000243132522655
0.67431641 1.0000256687525098
0.67480469 1.0000270966373974
0.67529297 1.0000286005883496
0.67578125 1.000030184463753
0.67626953 1.000031852306921
0.67675781 1.0000336083543668
0.67724609 1.0000354570444312
0.67773438 1.000037403026257
0.67822266 1.0000394511691266
0.67871094 1.0000416065721875
0.67919922 1.0000438745745566
0.6796875 1.000046260765847
0.68017578 1.0000487709970942
0.68066406 1.0000514113921426
0.68115234 1.0000541883594563
0.68164062 1.0000571086044132
0.68212891 1.0000601791420702
0.68261719 1.0000634073104313
0.68310547 1.0000668007842175
0.68359375 1.000070367589183
0.68408203 1.000074116116962
0.68457031 1.000078055140485
0.68505859 1.000082193829979
0.68554688 1.0000865417695595
0.68603516 1.000091108974439
0.68652344 1.0000959059087786
0.68701172 1.0001009435041737
0.6875 1.000106233178827
0.68798828 1.0001117868573948
0.68847656 1.0001176169915407
0.68896484 1.00012373658122
0.68945312 1.0001301591966842
0.68994141 1.0001368990012613
0.69042969 1.0001439707748863
0.69091797 1.0001513899384293
0.69140625 1.0001591725788226
0.69189453 1.0001673354749885
0.69238281 1.0001758961246003
0.69287109 1.0001848727716731
0.69335938 1.0001942844349916
0.69384766 1.0002041509373856
0.69433594 1.0002144929358554
0.69482422 1.0002253319525458
0.6953125 1.000236690406564
0.69580078 1.000248591646642
0.69628906 1.0002610599846253
0.69677734 1.0002741207297847
0.69726562 1.000287800223914
0.69775391 1.0003021258772087
0.69824219 1.0003171262048953
0.69873047 1.000332830864554
0.69921875 1.000349270694119
0.69970703 1.000366477750509
0.70019531 1.0003844853487998
0.70068359 1.00040332810193
0.70117188 1.00042304196083
0.70166016 1.000443664254918
0.70214844 1.0004652337328819
0.70263672 1.0004877906036593
0.703125 1.0005113765775155
0.70361328 1.0005360349071348
0.70410156 1.0005618104286165
0.70458984 1.0005887496022723
0.70507812 1.0006169005531274
0.70556641 1.0006463131110133
0.70605469 1.0006770388501691
0.70654297 1.0007091311282441
0.70703125 1.0007426451246368
0.70751953 1.0007776378780846
0.70800781 1.000814168323478
0.70849609 1.00085229732785
0.70898438 1.000892087725552
0.70947266 1.0009336043526407
0.70996094 1.0009769140805522
0.71044922 1.001022085849153
0.7109375 1.001069190699337
0.71142578 1.0011183018053664
0.71191406 1.0011694945072052
0.71240234 1.0012228463431665
0.71289062 1.0012784370832475
0.71337891 1.0013363487635716
0.71386719 1.0013966657224453
0.71435547 1.0014594746385628
0.71484375 1.0015248645719792
0.71533203 1.0015929270084891
0.71582031 1.001663755908116
0.71630859 1.0017374477584418
0.71679688 1.0018141016335096
0.71728516 1.0018938192590912
0.71777344 1.0019767050850379
0.71826172 1.002062866365471
0.71875 1.0021524132475066
0.71923828 1.0022454588691598
0.71972656 1.0023421194669884
0.72021484 1.0024425144939888
0.72070312 1.0025467667481023
0.72119141 1.0026550025116294
0.72167969 1.0027673517016722
0.72216797 1.0028839480316298
0.72265625 1.0030049291836112
0.72314453 1.003130436991488
0.72363281 1.0032606176341692
0.72412109 1.0033956218385593
0.72460938 1.0035356050914985
0.72509766 1.003680727859911
0.72558594 1.0038311558182453
0.72607422 1.0039870600822536
0.7265625 1.004148617448037
0.72705078 1.0043160106353097
0.72753906 1.0044894285337556
0.72802734 1.0046690664513942
0.72851562 1.004855126363879
0.72900391 1.0050478171637065
0.72949219 1.005247354908371
0.72998047 1.005453963066588
0.73046875 1.0056678727618005
0.73095703 1.0058893230122918
0.73144531 1.0061185609673302
0.73193359 1.0063558421389165
0.73242188 1.0066014306287818
0.73291016 1.0068555993504549
0.73339844 1.0071186302462771
0.73388672 1.0073908144993977
0.734375 1.0076724527408532
0.73486328 1.0079638552519348
0.73535156 1.0082653421621164
0.73583984 1.0085772436429017
0.73632812 1.0088999000979761
0.73681641 1.0092336623501126
0.73730469 1.009578891825285
0.73779297 1.0099359607344933
0.73828125 1.010305252253771
0.73876953 1.0106871607028658
0.73925781 1.0110820917230692
0.73974609 1.0114904624546348
0.74023438 1.0119127017142109
0.74072266 1.0123492501726634
0.74121094 1.0128005605336516
0.74169922 1.0132670977132334
0.7421875 1.013749339020785
0.74267578 1.0142477743414213
0.74316406 1.0147629063200947
0.74365234 1.015295250547477
0.74414062 1.0158453357476933
0.74462891 1.016413703967923
0.74511719 1.0170009107698408
0.74560547 1.01760752542283
0.74609375 1.018234131098835
0.74658203 1.0188813250687139
0.74707031 1.0195497188998752
0.74755859 1.020239938654969
0.74804688 1.0209526250913523
0.74853516 1.0216884338610144
0.74902344 1.0224480357106147
0.74951172 1.02323211668125
0.75 1.024041378307523
0.75048828 1.0248765378154758
0.75097656 1.025738328318878
0.75146484 1.0266274990133621
0.75195312 1.0275448153678433
0.75244141 1.0284910593126182
0.75292969 1.0294670294235164
0.75341797 1.0304735411014287
0.75390625 1.0315114267464844
0.75439453 1.03258153592613
0.75488281 1.033684735536284
0.75537109 1.0348219099547222
0.75585938 1.0359939611857674
0.75634766 1.0372018089953199
0.75683594 1.0384463910351927
0.75732422 1.0397286629556615
0.7578125 1.0410495985050507
0.75830078 1.0424101896151252
0.75878906 1.043811446470955
0.75927734 1.0452543975638622
0.75976562 1.0467400897259314
0.76025391 1.0482695881445099
0.76074219 1.049843976354981
0.76123047 1.0514643562100163
0.76171875 1.0531318478233707
0.76220703 1.0548475894861766
0.76269531 1.056612737553548
0.76318359 1.0584284662991796
0.76367188 1.0602959677354615
0.76416016 1.0622164513964827
0.76464844 1.0641911440811322
0.76513672 1.0662212895533232
0.765625 1.0683081481961887
0.76611328 1.0704529966168979
0.76660156 1.0726571271985452
0.76708984 1.0749218475953404
0.76757812 1.0772484801671154
0.76806641 1.0796383613489222
0.76855469 1.0820928409512582
0.76904297 1.0846132813861935
0.76953125 1.0872010568144241
0.77001953 1.0898575522079907
0.77050781 1.09258416232313
0.77099609 1.0953822905774273
0.77148438 1.0982533478251513
0.77197266 1.1011987510243426
0.77246094 1.1042199217889124
0.77294922 1.1073182848187075
0.7734375 1.1104952662001644
0.77392578 1.1137522915698677
0.77441406 1.1170907841330067
0.77490234 1.1205121625284105
0.77539062 1.1240178385315334
0.77587891 1.1276092145864602
0.77636719 1.1312876811577288
0.77685547 1.1350546138924766
0.77734375 1.1389113705831955
0.77783203 1.1428592879211361
0.77832031 1.146899678030234
0.77880859 1.1510338247712673
0.77929688 1.1552629798058645
0.77978516 1.1595883584099171
0.78027344 1.1640111350259905
0.78076172 1.1685324385443705
0.78125 1.1731533473025995
0.78173828 1.1778748837935737
0.78222656 1.1826980090726569
0.78271484 1.187623616854744
0.78320312 1.1926525272928186
0.78369141 1.1977854804303005
0.78417969 1.2030231293204021
0.78466797 1.2083660328068015
0.78515625 1.2138146479612184
0.78564453 1.2193693221749897
0.78613281 1.2250302849034265
0.78662109 1.230797639063747
0.78710938 1.236671352089547
0.78759766 1.2426512466473176
0.78808594 1.248736991023288
0.78857422 1.2549280891919816
0.7890625 1.2612238705813135
0.78955078 1.267623479552793
0.79003906 1.2741258646195384
0.79052734 1.2807297674292322
0.79101562 1.287433711543977
0.79150391 1.2942359910541676
0.79199219 1.3011346590690014
0.79248047 1.3081275161320627
0.79296875 1.315212098616604
0.79345703 1.3223856671615164
0.79394531 1.3296451952156902
0.79443359 1.336987357765318
0.79492188 1.3444085203256875
0.79541016 1.3519047282861085
0.79589844 1.3594716967036629
0.79638672 1.3671048006484605
0.796875 1.3747990662098062
0.79736328 1.3825491622791688
0.79785156 1.390349393231776
0.79833984 1.3981936926340723
0.79882812 1.406075618108905
0.79931641 1.4139883474940138
0.79980469 1.4219246764320412
0.80029297 1.429877017531661
0.80078125 1.4378374012393236
0.80126953 1.4457974785594714
0.80175781 1.4537485257575606
0.80224609 1.4616814511748033
0.80273438 1.4695868042760019
0.80322266 1.477454787042046
0.80371094 1.4852752678065355
0.80419922 1.493037797621435
0.8046875 1.5007316292196764
0.80517578 1.5083457386231753
0.80566406 1.515868849422894
0.80615234 1.5232894597334594
0.80664062 1.5305958717985972
0.80712891 1.5377762241955044
0.80761719 1.5448185265565164
0.80810547 1.551710696695409
0.80859375 1.5584405999937831
0.80908203 1.5649960908706713
0.80957031 1.5713650561263326
0.81005859 1.577535459919646
0.81054688 1.5834953901082007
0.81103516 1.5892331056517195
0.81152344 1.594737084753394
0.81201172 1.5999960733907135
0.8125 1.6049991338679614
0.81298828 1.6097356930072804
0.81347656 1.6141955895845619
0.81396484 1.6183691206107391
0.81445312 1.6222470860587381
0.81494141 1.625820831641541
0.81542969 1.6290822892576258
0.81591797 1.632024014736529
0.81640625 1.6346392225391675
0.81689453 1.6369218170947657
0.81738281 1.638866420488214
0.81787109 1.640468396248099
0.81835938 1.6417238690257947
0.81884766 1.6426297399993128
0.81933594 1.6431836978812444
0.81982422 1.643384225457368
0.8203125 1.6432306016304925
0.82080078 1.6427228989920004
0.82128906 1.6418619769905773
0.82177734 1.6406494708129213
0.82226562 1.6390877761341232
0.82275391 1.6371800299351964
0.82324219 1.6349300876213435
0.82373047 1.6323424967064721
0.82421875 1.6294224673568534
0.82470703 1.6261758401093163
0.82519531 1.6226090510969158
0.82568359 1.6187290951274245
0.82617188 1.614543486967421
0.82666016 1.6100602211872843
0.82714844 1.605287730920261
0.82763672 1.6002348458822864
0.828125 1.5949107499887991
0.82861328 1.5893249388907378
0.82910156 1.5834871777347863
0.82958984 1.577407459433183
0.83007812 1.571095963706516
0.83056641 1.5645630171394005
0.83105469 1.5578190544642352
0.83154297 1.550874581262855
0.83203125 1.543740138250207
0.83251953 1.536426267278642
0.83300781 1.5289434791763354
0.83349609 1.5213022235090408
0.83398438 1.513512860331169
0.83447266 1.505585633970199
0.83496094 1.4975306488679037
0.83544922 1.489357847482964
0.8359375 1.4810769902422596
0.83642578 1.472697637512618
0.83691406 1.4642291335510262
0.83740234 1.4556805923792808
0.83789062 1.4470608855187432
0.83837891 1.4383786315122056
0.83886719 1.4296421871527973
0.83935547 1.42085964033426
0.83984375 1.4120388044327377
0.84033203 1.4031872141272943
0.84082031 1.3943121225646293
0.84130859 1.3854204997727604
0.84179688 1.3765190322286849
0.84228516 1.3676141234860997
0.84277344 1.358711895771024
0.84326172 1.349818192455579
0.84375 1.340938581323055
0.84423828 1.3320783585407332
0.84472656 1.323242553260548
0.84521484 1.314435932771616
0.84570312 1.3056630081326968
0.84619141 1.2969280402168841
0.84667969 1.2882350461050711
0.84716797 1.2795878057690186
0.84765625 1.2709898689890933
0.84814453 1.2624445624559282
0.84863281 1.2539549970093329
0.84912109 1.2455240749717444
0.84960938 1.237154497537329
0.85009766 1.2288487721814805
0.85058594 1.2206092200589806
0.85107422 1.2124379833623538
0.8515625 1.2043370326150964
0.85205078 1.196308173877378
0.85253906 1.188353055844555
0.85302734 1.180473176821398
0.85351562 1.1726698915573017
0.85400391 1.1649444179299375
0.85449219 1.157297843466825
0.85498047 1.1497311316961625
0.85546875 1.1422451283199242
0.85595703 1.1348405672037951
0.85644531 1.1275180761798822
0.85693359 1.1202781826594281
0.85742188 1.113121319053853
0.85791016 1.106047828003479
0.85839844 1.0990579674141836
0.85888672 1.0921519153030201
0.859375 1.085329774454542
0.85986328 1.0785915768901821
0.86035156 1.0719372881535534
0.86083984 1.0653668114150068
0.86132812 1.0588799913991478
0.86181641 1.0524766181393508
0.86230469 1.04615643056357
0.86279297 1.039919119915954
0.86328125 1.0337643330189534
0.86376953 1.027691675380726
0.86425781 1.0217007141527374
0.86474609 1.0157909809425214
0.86523438 1.0099619744865733
0.86572266 1.0042131631883722
0.86621094 0.9985439875264964
0.86669922 0.9929538623377574
0.8671875 0.987442178980221
0.86767578 0.9820083073809154
0.86816406 0.9766515979729392
0.86865234 0.9713713835265818
0.86914062 0.9661669808789791
0.86962891 0.9610376925666949
0.87011719 0.9559828083655266
0.87060547 0.9510016067416844
0.87109375 0.9460933562183976
0.87158203 0.9412573166618452
0.87207031 0.936492740490203
0.87255859 0.9317988738094567
0.87304688 0.9271749574795017
0.87353516 0.922620228113927
0.87402344 0.9181339190167485
0.87451172 0.9137152610592296
0.875 0.9093634834998094
0.87548828 0.9050778147500245
0.87597656 0.9008574830892058
0.87646484 0.8967017173306014
0.87695312 0.8926097474414738
0.87744141 0.8885808051195985
0.87792969 0.8846141243284937
0.87841797 0.8807089417935993
0.87890625 0.8768644974615246
0.87939453 0.8730800349243901
0.87988281 0.8693548018111856
0.88037109 0.8656880501479889
0.88085938 0.8620790366887905
0.88134766 0.8585270232185903
0.88183594 0.855031276830355
0.88232422 0.8515910701773366
0.8828125 0.8482056817021963
0.88330078 0.8448743958442811
0.88378906 0.841596503226359
0.88427734 0.838371300822035
0.88476562 0.8351980921050124
0.88525391 0.8320761871813078
0.88574219 0.8290049029054676
0.88623047 0.8259835629817771
0.88671875 0.82301149805141
0.88720703 0.8200880457664043
0.88769531 0.817212550851312
0.88818359 0.8143843651533269
0.88867188 0.8116028476816373
0.88916016 0.8088673646367319
0.88964844 0.8061772894303258
0.89013672 0.8035320026965547
0.890625 0.8009308922950353
0.89111328 0.7983733533063718
0.89160156 0.79585878802064
0.89208984 0.7933866059193662
0.89257812 0.7909562236514762
0.89306641 0.7885670650036732
0.89355469 0.7862185608656684
0.89404297 0.7839101491906724
0.89453125 0.7816412749515245
0.89501953 0.7794113900928199
0.89550781 0.7772199534793737
0.89599609 0.7750664308413349
0.89648438 0.7729502947162568
0.89697266 0.7708710243883989
0.89746094 0.768828105825528
0.89794922 0.7668210316134667
0.8984375 0.7648493008886221
0.89892578 0.762912419268717
0.89941406 0.7610098987819243
0.89990234 0.7591412577946037
0.90039062 0.7573060209378178
0.90087891 0.7555037190327981
0.90136719 0.7537338890155221
0.90185547 0.7519960738605469
0.90234375 0.7502898225042403
0.90283203 0.7486146897675403
0.90332031 0.7469702362783626
0.90380859 0.7453560283937699
0.90429688 0.7437716381220101
0.90478516 0.7422166430445196
0.90527344 0.740690626237986
0.90576172 0.7391931761965527
0.90625 0.7377238867542467
0.90673828 0.736282357007702
0.90722656 0.7348681912392458
0.90771484 0.733480998840414
0.90820312 0.7321203942359487
0.90869141 0.7307859968083359
0.90917969 0.7294774308229311
0.90966797 0.7281943253537179
0.91015625 0.7269363142097411
0.91064453 0.7257030358622535
0.91113281 0.7244941333726111
0.91162109 0.7233092543209448
0.91210938 0.7221480507356441
0.91259766 0.7210101790236711
0.91308594 0.7198952999017332
0.91357422 0.7188030783283338
0.9140625 0.7177331834367189
0.91455078 0.716685288468736
0.91503906 0.7156590707096215
0.91552734 0.7146542114237266
0.91601562 0.7136703957911921
0.91650391 0.712707312845585
0.91699219 0.7117646554125006
0.91748047 0.7108421200491344
0.91796875 0.7099394069848366
0.91845703 0.7090562200626411
0.91894531 0.7081922666817813
0.91943359 0.7073472577411863
0.91992188 0.7065209075839642
0.92041016 0.7057129339428634
0.92089844 0.7049230578867174
0.92138672 0.7041510037678671
0.921875 0.7033964991705565
0.92236328 0.7026592748602983
0.92285156 0.7019390647342052
0.92333984 0.7012356057722797
0.92382812 0.7005486379896577
0.92431641 0.6998779043897996
0.92480469 0.6992231509186181
0.92529297 0.6985841264195405
0.92578125 0.6979605825894926
0.92626953 0.6973522739357996
0.92675781 0.6967589577339911
0.92724609 0.6961803939865061
0.92773438 0.6956163453822825
0.92822266 0.695066577257228
0.92871094 0.6945308575555562
0.92919922 0.6940089567919838
0.9296875 0.6935006480147712
0.93017578 0.6930057067696043
0.93066406 0.6925239110643004
0.93115234 0.6920550413343296
0.93164062 0.6915988804091414
0.93212891 0.6911552134792847
0.93261719 0.6907238280643089
0.93310547 0.6903045139814377
0.93359375 0.6898970633150012
0.93408203 0.6895012703866179
0.93457031 0.689116931726111
0.93505859 0.688743846043153
0.93554688 0.688381814199623
0.93603516 0.688030639182666
0.93652344 0.6876901260784452
0.93701172 0.6873600820465715
0.9375 0.6870403162952033
0.93798828 0.686730640056803
0.93847656 0.6864308665645364
0.93896484 0.6861408110293101
0.93945312 0.6858602906174285
0.93994141 0.6855891244288637
0.94042969 0.6853271334761263
0.94091797 0.6850741406637246
0.94140625 0.6848299707682013
0.94189453 0.6845944504187396
0.94238281 0.6843674080783231
0.94287109 0.6841486740254424
0.94335938 0.6839380803363373
0.94384766 0.6837354608677602
0.94433594 0.6835406512402551
0.94482422 0.6833534888219397
0.9453125 0.6831738127127778
0.94580078 0.6830014637293359
0.94628906 0.6828362843900112
0.94677734 0.6826781189007205
0.94726562 0.6825268131410427
0.94775391 0.682382214650801
0.94824219 0.6822441726170791
0.94873047 0.6821125378616593
0.94921875 0.6819871628288718
0.94970703 0.6818679015738506
0.95019531 0.68175460975118
0.95068359 0.6816471446039284
0.95117188 0.6815453649530558
0.95166016 0.6814491311871897
0.95214844 0.6813583052527572
0.95263672 0.6812727506444662
0.953125 0.6811923323961284
0.95361328 0.6811169170718118
0.95410156 0.6810463727573175
0.95458984 0.6809805690519725
0.95507812 0.6809193770607269
0.95556641 0.6808626693865516
0.95605469 0.6808103201231273
0.95654297 0.6807622048478134
0.95703125 0.6807182006148957
0.95751953 0.6806781859491002
0.95800781 0.6806420408393656
0.95849609 0.6806096467328725
0.95898438 0.6805808865293134
0.95947266 0.6805556445754052
0.95996094 0.6805338066596314
0.96044922 0.6805152600072093
0.9609375 0.680499893275275
0.96142578 0.6804875965482811
0.96191406 0.6804782613335956
0.96240234 0.6804717805573053
0.96289062 0.6804680485602048
0.96337891 0.6804669610939771
0.96386719 0.6804684153175506
0.96435547 0.6804723097936323
0.96484375 0.6804785444854087
0.96533203 0.6804870207534095
0.96582031 0.6804976413525285
0.96630859 0.680510310429197
0.96679688 0.6805249335187017
0.96728516 0.6805414175426463
0.96777344 0.6805596708065478
0.96826172 0.6805796029975639
0.96875 0.6806011251823487
0.96923828 0.680624149805026
0.96972656 0.6806485906852835
0.97021484 0.6806743630165781
0.97070312 0.680701383364448
0.97119141 0.6807295696649298
0.97167969 0.6807588412230738
0.97216797 0.6807891187115567
0.97265625 0.6808203241693829
0.97314453 0.680852381000675
0.97363281 0.6808852139735473
0.97412109 0.6809187492190598
0.97460938 0.6809529142302462
0.97509766 0.680987637861218
0.97558594 0.6810228503263352
0.97607422 0.6810584831994448
0.9765625 0.6810944694131797
0.97705078 0.6811307432583209
0.97753906 0.6811672403832116
0.97802734 0.6812038977932298
0.97851562 0.6812406538503073
0.97900391 0.6812774482725001
0.97949219 0.6813142221336017
0.97998047 0.6813509178628003
0.98046875 0.681387479244375
0.98095703 0.681423851417432
0.98144531 0.6814599808756718
0.98193359 0.6814958154671954
0.98242188 0.6815313043943347
0.98291016 0.6815663982135174
0.98339844 0.6816010488351538
0.98388672 0.6816352095235515
0.984375 0.6816688348968514
0.98486328 0.6817018809269839
0.98535156 0.6817343049396456
0.98583984 0.6817660656142925
0.98632812 0.6817971229841486
0.98681641 0.6818274384362293
0.98730469 0.681856974711377
0.98779297 0.6818856959043077
0.98828125 0.6819135674636683
0.98876953 0.6819405561921006
0.98925781 0.6819666302463145
0.98974609 0.6819917591371656
0.99023438 0.6820159137297377
0.99072266 0.6820390662434302
0.99121094 0.6820611902520476
0.99169922 0.6820822606838897
0.9921875 0.6821022538218431
0.99267578 0.6821211473034747
0.99316406 0.6821389201211205
0.99365234 0.6821555526219755
0.99414062 0.68217102650818
0.99462891 0.6821853248369031
0.99511719 0.682198432020423
0.99560547 0.6822103338262018
0.99609375 0.6822210173769563
0.99658203 0.6822304711507233
0.99707031 0.6822386849809194
0.99755859 0.6822456500563947
0.99804688 0.6822513589214787
0.99853516 0.6822558054760226
0.99902344 0.6822589849754304
0.99951172 0.6822608940306867
1.0 0.6822615306083742